0.087065
0.465216
0.122248
0.112548
0.046251
0.810878
0.54648
0.131833
0.640472
0.295322
0.369703
0.231915
0.504224
0.333349
0.0244745
0.043763
0.226505
0.166133
0.977366
0.249639
2.05828
0.70758
0.993043
0.108968
0.926778
0.456966
1.02092
1.10908
0.00053803
0.761041
0.333806
0.0877054
0.244989
0.608645
0.22506
0.322858
0.353032
0.0138012
0.614617
0.129802
0.320519
0.130738
0.45786
0.0574084
0.630598
0.521411
0.106767
0.0422202
1.33138
0.0260009
0.321231
1.22638
0.824573
0.205319
0.0581362
0.526495
1.3731
1.95544
0.390769
1.38155
0.717155
0.0149028
0.0514551
0.0807187
0.66088
0.308315
0.490139
0.137055
0.334193
0.20194
0.315926
1.61852
0.413182
0.0352997
0.0358502
0.163591
0.628874
0.151544
0.22316
0.51916
0.187084
0.897962
0.410372
0.0638739
0.0936463
0.553821
0.737086
0.0563759
0.524397
0.187951
0.0222538
0.26497
0.209804
0.0761816
0.410991
0.039538
0.460103
0.102427
0.189739
0.0466215
0.364397
0.766644
0.0255138
0.0416211
0.956421
0.0633135
0.2223
0.419719
0.239343
0.634595
0.120398
0.589709
0.402561
0.743374
0.8369
0.643252
0.293095
0.437933
0.887135
0.0489145
1.13568
1.03544
0.35115
0.136906
0.00768289
0.0336022
0.189573
0.479614
0.143994
0.498935
0.611815
0.729946
0.268509
0.704448
0.940657
0.155886
1.03782
0.11567
0.903634
0.147138
1.29828
0.0255919
1.47319
0.325462
0.868038
0.713428
0.11295
0.155541
0.210368
0.016569
0.223567
0.137393
1.185
1.0016
0.326761
1.27404
1.3303
0.793215
0.386723
0.0994223
0.278157
0.140134
1.47884
0.923191
3.21447e-06
0.794013
0.0582918
1.03785
0.00110171
1.45885
0.0693209
1.31327
2.74093
0.0400256
0.260529
0.856366
0.906599
0.468642
0.0454951
0.0994114
0.512084
0.296664
0.272855
0.3964
0.187429
1.1531
0.316677
0.139002
0.594879
0.00390095
0.274982
0.0652743
0.145304
0.231884
1.67023
0.145308
0.0912177
0.0387773
0.0677545
0.0925402
0.0103901
0.147984
0.0508136
0.00827015
0.202572
0.349323
0.904042
0.0931577
0.0588578
1.28201
0.215617
0.697074
0.231431
0.736718
0.177895
0.574636
0.556188
0.731743
1.30076
0.228585
0.748822
0.214521
0.336
0.0144747
0.636408
0.30247
0.16476
1.08894
0.375936
0.261669
0.0286461
0.398235
0.5448
0.0826234
0.416764
2.86741
0.532188
0.25668
0.0912148
0.726449
0.196169
0.363921
0.364972
0.593794
0.169777
0.85035
0.23755
1.59875
0.440964
0.181214
0.19731
0.224991
0.529048
0.844721
0.247882
0.233278
0.156856
0.5568
0.150256
0.799217
0.0411941
0.189346
0.212989
0.678823
0.315142
1.21724
0.672582
0.0654053
0.188348
1.18361
1.09787
0.508607
0.275225
0.261102
0.202815
0.621049
0.126951
0.621739
0.554874
0.831021
0.00788017
2.8164
0.0947389
0.552095
0.835122
0.414487
0.0211214
0.0422725
0.134024
0.178998
1.05539
0.188595
0.478775
0.127915
0.0293173
0.0437205
0.0742981
0.795926
0.115552
0.300702
0.606526
0.0499475
0.0473516
0.0673495
0.348433
0.275651
0.907749
0.647476
0.0727563
0.354233
0.3843
0.0818821
0.350612
0.617124
0.85623
0.189768
0.159036
0.986431
0.252829
0.35421
0.0882889
0.161308
0.862403
0.752617
0.34805
1.05491
0.989388
0.510211
0.562262
0.0352674
0.0479886
0.237331
0.0890685
0.100368
0.350515
0.546855
0.465287
0.208644
0.248065
0.675645
0.944477
1.31177
1.11351
0.217544
0.505853
0.62193
0.552236
1.19763
0.425102
0.0338747
0.269295
0.663143
0.208708
0.13605
0.359308
0.924889
0.0621943
0.23447
0.329165
0.785485
0.292092
0.426424
0.0932015
0.46521
0.704624
0.560408
0.157794
0.224196
0.00763569
0.541995
0.0540375
0.997276
0.444839
2.60989
0.122131
0.127842
0.612636
1.08286
0.0722038
0.163554
1.50631
0.400249
0.00681265
0.17272
0.778226
0.373386
0.0724082
1.18266
1.1535
0.479996
0.599057
0.209944
0.105919
1.01361
1.48301
1.46476
0.390754
0.123674
0.184029
0.407589
1.06385
0.264124
0.273542
0.317534
0.259559
0.50817
0.594895
0.0589847
0.370555
0.886507
0.24737
0.321467
0.239885
0.258593
0.726952
0.0932803
1.32899
1.15714
0.0396689
0.88701
0.365182
0.744738
0.0951147
0.61751
0.514739
0.0648962
0.533192
0.10234
0.208405
1.65759
0.678428
0.125349
0.234231
0.0895013
0.588574
0.754775
0.809692
0.245151
1.10485
0.196814
0.122783
0.164626
0.803839
0.456663
0.576548
0.417346
0.732678
0.476285
0.314761
0.933057
0.294035
2.11407
0.48351
0.480949
0.593053
0.152307
0.672682
0.215654
0.296817
0.0419132
0.188449
0.105493
0.179877
0.582455
0.218564
2.5576
0.314655
0.0848549
0.240272
0.221044
0.328393
0.45726
0.507842
0.165039
0.110388
0.194442
0.939065
1.70725
1.37788
0.188642
0.836678
0.239859
0.178122
0.282966
3.39477
2.58284
0.59333
0.670526
0.211279
0.0768349
0.854184
0.537417
0.202227
0.0644798
0.212856
0.580409
0.0610758
0.840293
0.925312
0.343125
0.0937933
0.196037
0.0503689
0.827449
0.465041
0.174023
0.0702498
0.30129
0.151256
0.0349513
0.728103
0.0381297
0.297608
0.03445
0.352198
0.296589
0.0314011
0.111793
0.102812
0.26002
0.209883
0.00235557
0.0331491
0.562671
0.0671605
0.264532
0.224888
0.137664
0.127174
0.114763
0.66821
0.251777
0.376911
0.895017
0.114398
0.0724635
0.0678976
0.204425
0.442781
0.245527
0.258004
0.218786
0.309431
0.954118
0.273208
1.70618
0.177688
0.328745
0.0915955
0.331747
1.09174
0.356869
0.33633
1.5131
0.102682
0.4777
0.224978
0.396901
0.969033
0.44206
0.699118
0.449758
2.02402
0.165924
0.277806
0.103545
0.270057
0.402886
0.369741
0.00242344
1.41746
1.30009
0.222545
0.257685
0.751184
0.757546
0.230825
0.0397854
0.151947
0.385174
0.412127
0.0809146
0.0242474
0.0262202
0.0531882
0.132625
0.548952
0.311118
0.759031
0.369542
0.0257412
0.381604
0.0614694
0.0166352
0.847048
0.3904
0.124087
0.132994
0.0500309
0.678202
0.136159
0.0185889
0.551542
0.455181
0.289209
0.294891
0.237274
0.827669
0.369113
0.51068
0.212416
0.0435842
0.77868
0.249991
0.0722624
1.10465
0.492344
0.807218
0.218075
0.26154
0.195372
0.258472
1.41629
0.289131
0.28669
0.708117
1.98401
0.533787
2.3512
0.0396882
0.254225
0.130237
0.0598441
0.034529
0.877045
0.401502
0.359006
0.114561
0.223918
0.0174606
0.931081
0.613981
0.0626658
0.502523
0.0529963
0.145418
0.371373
0.649165
0.0274179
1.05053
0.0721205
0.236448
0.165179
0.0392297
0.84623
0.632421
0.894386
0.797331
0.234103
0.867958
1.03309
0.740189
0.0272679
2.13915
0.913721
1.06018
0.38626
0.216512
0.0442951
1.14703
0.243696
1.32567
0.466025
0.350155
0.414386
0.613489
0.705153
0.0458436
0.284435
0.828503
1.68027
0.419846
0.102957
0.141591
0.515875
0.00101608
1.66677
0.323563
0.802357
0.206402
0.17849
0.557956
0.0586359
0.217927
0.53723
1.49619
0.132829
0.109495
0.179258
0.19142
0.0503595
0.580872
0.142191
0.605443
0.105749
0.832836
0.262876
1.4646
1.14407
0.924879
0.704989
0.996924
0.264564
1.42321
0.058518
0.0280198
1.441
0.0388621
0.378523
0.6794
0.266356
0.88941
0.268426
0.370796
0.101947
0.0384041
0.320731
0.270428
0.157768
0.745304
0.665578
0.228181
0.309785
2.04766
0.0354698
0.528429
0.790634
0.324442
0.456915
0.59018
0.192902
0.219149
0.40671
0.65648
0.176067
0.549969
0.769667
0.137739
0.677181
0.19021
2.06207
0.0841366
0.0798431
0.254778
0.567414
0.201763
0.320439
0.0824373
0.692727
0.680844
1.30704
0.332394
0.0583721
0.245993
0.316466
0.0984147
0.0209546
0.152755
0.533616
0.510906
1.56275
1.86771
2.6416
0.359485
0.613987
0.17247
0.0991363
0.339218
0.380209
1.27387
0.827784
0.363199
0.0398568
1.56871
1.23603
0.703538
0.170292
0.246132
1.18834
0.0195965
0.0710877
0.897601
0.371224
0.13901
0.125833
2.48234
0.273561
0.152949
0.148041
0.0402949
1.1696
0.119356
0.0275264
1.14395
0.64568
0.714975
0.105519
1.17671
0.146026
0.641483
0.876364
0.0321552
0.136652
1.16817
0.00953607
0.0840478
0.537146
0.18375
0.392068
0.416897
0.212302
0.563532
0.255003
1.0202
1.25502
0.486434
0.994047
0.20785
1.08377
0.0635287
0.270256
0.778273
0.20149
0.318492
0.581826
0.0292268
0.131849
1.05151
1.63161
0.331856
0.459021
0.77661
0.396318
0.915785
0.588427
0.417634
2.60746
0.215556
1.03486
0.38615
1.23737
0.12407
0.120442
0.189404
0.0470309
0.0712444
1.3849
1.52686
0.320206
0.865427
0.0374341
1.1058
0.47338
0.258597
0.224388
0.178095
0.308636
0.449944
0.0977485
0.274369
0.0408486
0.753157
0.11834
0.491481
0.481314
1.164
0.106622
0.474249
0.14566
0.0340425
0.0816881
0.092285
0.168134
0.226905
0.33069
0.235275
0.344178
0.273388
0.198867
1.76209
0.139893
0.255657
0.986638
0.969174
0.815081
0.125894
0.0846348
0.153731
0.846341
0.202702
0.580793
1.12416
0.0591481
1.14025
0.367217
0.654073
0.80541
0.622855
0.209546
0.0272276
0.752725
0.339706
0.125217
0.0328834
0.975547
0.611066
0.289011
0.219625
0.0676729
0.728684
0.197266
0.231526
0.0916282
0.103514
0.128543
1.77976
0.263471
0.240972
0.134748
0.127812
0.628881
1.28358
0.0639117
0.878036
0.860222
0.511123
0.407045
0.485492
0.217301
1.14788
0.560872
0.0699531
0.249119
1.13085
0.107967
0.144028
0.459678
0.501474
0.465399
0.650629
0.255709
1.3424
0.0518207
0.419434
0.0632174
0.196633
0.387557
0.375771
0.614762
0.747128
0.701067
0.275198
0.600042
1.03542
0.144212
0.366823
0.360911
0.823866
0.0760712
1.00725
0.613499
0.844843
2.93413
0.0522517
0.621094
0.106215
0.215014
0.187327
0.870306
1.55356
0.0205587
0.127409
1.09034
0.0746765
0.786899
0.00291047
0.311704
0.201802
0.381962
0.0940413
0.0569631
0.169905
0.451604
0.821258
0.088377
0.9331
0.197524
0.563735
0.528932
0.315073
0.391274
0.222856
0.166276
0.388191
0.307039
2.57124
0.657109
0.826094
0.183096
0.405856
0.7212
0.213023
0.758988
0.525878
0.332424
0.426175
0.534255
1.49323
1.18053
0.105759
0.064478
0.00672316
0.325752
0.628898
0.857021
0.511873
0.411639
0.0790382
0.190558
0.12028
0.475572
0.981851
0.426008
1.13462
0.255075
0.0164196
1.10713
0.0701545
0.918406
0.109947
0.580477
0.463569
0.392971
0.315235
0.14718
0.0152079
0.0210607
1.21222
1.94346
1.46804
0.0538577
0.0529465
1.61299
0.43477
0.846951
0.757397
0.125263
0.236772
1.3043
0.386649
0.447047
0.388333
0.253893
0.089843
0.286948
0.799169
0.109559
0.198332
1.32028
0.0190841
0.372048
0.477894
0.513283
0.0358263
0.0434052
1.13533
0.0521825
0.0664205
0.825724
0.040928
0.0369968
1.20589
0.0986614
0.0160578
0.337851
2.67728
0.834997
0.623807
0.232992
0.669923
0.144723
1.65528
0.162988
0.52419
0.0684666
0.627371
0.296436
0.196332
0.0216055
0.235755
0.22486
0.418655
2.37982
0.00198315
0.505675
0.0387541
1.15488
0.664723
0.110932
0.617118
0.840928
0.15756
0.482856
2.48421
0.179699
0.0585418
2.22491
0.0603249
0.86665
0.22377
0.954494
0.0387761
0.196007
0.0696008
0.643887
0.300993
0.931514
0.0939959
0.750341
1.09058
0.396284
0.0749557
0.302766
0.386908
0.0772603
0.0474236
0.475093
0.0224407
0.87396
0.836473
0.698844
0.510598
0.0431087
0.232703
0.501035
0.242667
0.329478
0.485375
0.344742
0.182576
2.00876
0.215341
0.239446
0.182864
0.32685
0.0552682
0.710619
0.196284
0.161499
0.383512
0.118982
0.866774
0.561693
0.548284
0.224782
0.851866
0.706262
1.853
0.989839
0.43654
0.774951
0.47689
0.125625
1.02141
2.16523
0.965696
0.147082
0.316918
0.323375
0.699204
0.746621
0.306482
0.0543189
0.0847344
0.72316
0.437126
0.150913
0.370277
1.19031
0.384537
0.030277
0.0635049
0.223067
0.661341
0.769162
0.640059
0.401009
0.39015
0.597705
0.26676
0.0662334
0.331941
0.0142933
0.212508
0.219631
0.00756715
0.112381
0.471232
0.331278
0.565902
0.225763
0.150434
0.0729789
0.31395
0.268681
1.15315
0.0251809
0.563884
0.275408
1.56889
0.119638
0.329158
0.0394653
0.42514
0.121582
0.987199
0.174566
0.729293
0.257824
2.42171
0.0997736
0.374282
0.324346
0.117279
1.03255
0.894159
0.126866
0.0387046
0.292678
0.616476
0.697239
0.821073
1.7272
1.09393
0.159225
0.24234
0.77609
0.194185
0.0311243
0.11896
0.163184
0.15952
0.592106
0.218753
0.934942
1.20325
0.121361
0.0757363
0.565524
0.481688
0.0711728
0.976682
0.0785328
0.47074
0.0348272
0.00936045
0.292333
0.172221
0.0488261
1.08491
4.98398
0.932402
0.589212
1.72646
0.660098
1.67565
0.217281
0.368164
0.168997
0.266197
0.660002
0.416504
0.579112
0.278328
1.26047
0.379446
0.2053
0.0725862
0.557941
0.00707668
0.700246
0.817512
1.02887
1.14571
0.268074
1.4029
1.24701
0.974946
0.131284
0.00525688
0.680336
0.131253
0.967349
0.286127
0.111088
0.443911
0.256004
0.401121
0.0580308
0.58159
1.66884
0.923991
0.145691
0.525537
0.156892
0.0946038
0.100601
0.465793
0.183732
0.964226
0.483957
0.0314894
0.538934
0.339014
1.60835
0.0388086
0.28275
1.04915
1.34702
0.543613
1.09371
0.563357
1.12088
0.679976
0.0591958
0.0487808
0.201566
0.35909
0.5173
0.291121
0.111491
0.469667
0.166898
0.301324
0.150248
0.402737
0.490449
0.291521
0.0866983
1.34809
0.175793
0.755524
2.52373
1.56302
0.158524
1.53402
0.0156371
0.60807
0.888406
1.65089
0.22823
0.634021
0.509558
0.150692
0.309897
0.694625
0.217828
0.789261
0.152651
3.05756
0.133989
0.31085
0.466849
0.365815
1.23615
1.00665
0.0373617
0.388955
0.184269
0.131459
0.320442
0.464035
0.00528645
0.31438
0.411392
0.165797
0.272566
0.447733
2.12901
0.144547
0.404577
0.217185
1.74791
0.107744
0.474063
0.282483
1.44649
1.68621
0.127666
0.1164
1.655
0.308478
0.55533
0.422435
1.93862
0.441269
0.287095
0.026327
0.0678546
0.683429
0.165982
0.458241
0.21522
0.173366
0.0345806
1.20715
0.428099
0.333797
0.348731
0.411715
0.669928
0.0293013
1.22325
0.615146
0.144355
0.373208
0.0750704
0.10868
0.338273
0.226871
0.257959
0.30359
0.871971
0.0382819
0.012916
0.816
0.539367
0.310265
0.968117
0.772945
0.11624
0.07439
0.244658
0.407331
0.282154
0.302365
0.315351
0.00324666
1.41373
1.75219
0.419142
0.568084
0.0136103
0.32788
0.244488
0.162604
0.00345673
0.373442
0.320261
0.345096
1.1078
1.04386
1.5356
0.629537
1.49524
1.93487
0.367553
0.470434
0.291229
0.236042
0.252578
0.523356
0.361329
0.765182
0.115412
1.45741
0.135459
0.56028
1.52097
0.0981035
0.516185
0.366783
0.972844
0.55538
0.000379553
0.139762
1.48129
0.00383892
0.734873
0.273483
0.352781
0.540773
0.176433
0.307911
0.236614
0.141888
0.288963
1.13922
0.971672
1.06187
0.160003
0.146089
0.376795
0.776519
0.0188031
0.664858
0.662471
0.16026
0.263266
0.579882
0.301093
0.0273277
0.115491
0.185168
0.64346
0.115969
0.402996
0.557668
0.120815
0.195316
0.049078
0.637954
2.07707
0.247821
0.0996073
0.22417
0.507897
0.483221
0.14979
0.341263
0.346555
0.38042
0.689215
0.0148727
0.193657
0.768405
0.723563
0.0284456
0.0304927
0.0956441
0.6769
0.358259
0.128928
1.47816
0.86032
1.50975
0.0842064
0.234525
0.488245
0.230739
0.598292
0.63091
0.0474144
0.572971
0.0569665
0.158108
0.0221792
0.68436
1.10666
0.179954
0.137369
0.247677
0.900859
2.22215
0.272322
0.0848644
0.741818
0.102104
0.118754
0.892943
0.222216
1.53043
0.210722
0.441073
1.15704
0.0901318
0.385317
0.0288874
0.387562
0.0875633
0.277377
0.135333
1.04987
0.363101
1.25792
2.10633
0.774065
1.64296
0.656077
0.566629
0.153842
1.77005
0.0355665
0.05259
1.60008
0.335315
0.147819
0.659192
0.559387
0.314949
0.415957
0.0163297
0.2728
1.19672
0.481479
0.194045
0.0382438
0.0845159
0.237236
0.474651
0.190021
0.81373
0.948953
0.107636
0.192706
0.733368
0.0985377
0.0566878
0.658228
1.20193
0.76903
2.86747
1.06273
0.961611
0.0507985
0.91587
0.209639
0.217357
0.424664
0.00796224
0.857132
0.0737179
0.0245585
0.137488
0.0234242
0.548559
0.412835
0.0635779
0.862105
1.40541
0.659117
0.0741649
0.680151
0.436748
0.201383
0.0326675
0.216804
0.357086
0.0934247
0.0437328
0.272393
1.55764
0.0419727
0.178806
0.829048
0.0974754
0.0757145
0.0824237
0.377166
0.623821
0.0918263
0.215068
0.948231
0.121485
0.445785
1.13009
1.068
0.0824651
0.00759368
0.607955
0.0481957
0.688103
0.920726
0.901839
0.200221
0.0949417
1.14412
0.572552
0.574974
0.0357404
0.725275
0.0545624
0.0124639
0.935652
0.258789
0.89824
0.0117378
0.393244
2.13776
0.402461
0.148784
0.0835413
1.16373
0.0567403
0.230681
0.339075
0.00147599
0.144808
0.517104
0.00909229
1.55065
0.66663
0.725119
0.795853
0.423956
0.0501652
1.74283
0.317671
0.750899
0.528802
0.38743
0.391349
0.705488
0.414886
0.246253
0.0872554
0.253724
0.265607
0.609866
0.242307
1.67601
1.63598
0.386025
1.01037
0.0359342
1.19033
0.223056
0.0375203
0.0865581
0.00219456
0.0473281
0.0605017
0.675006
0.968277
1.20615
0.187314
1.51064
1.05912
0.763239
0.651956
0.380147
0.194254
0.158289
0.170236
1.08483
0.539799
0.297736
0.166865
0.0375649
0.0832567
0.551036
0.0190395
0.0613418
0.11518
1.17592
0.102163
0.0601038
0.153734
0.148595
0.158881
0.15672
0.213405
0.244037
0.00494207
0.113583
0.175903
0.194518
0.0838978
0.0969994
0.0554604
1.07281
0.616893
0.278367
0.0838349
2.9718
0.187497
0.842715
0.295363
0.453739
1.09024
0.457476
0.153451
1.29099
0.627493
0.317468
0.883574
1.14991
0.437687
0.0492882
0.085288
0.967299
0.22545
0.350824
0.138345
0.23323
0.614551
0.386414
0.593839
0.989954
0.626994
0.804874
0.683096
0.275344
0.128728
1.14776
0.273075
0.387928
0.625752
1.00833
0.0731781
0.459319
0.31402
0.255769
0.37255
0.100009
1.02187
0.21886
0.0422387
0.302341
0.297436
0.135792
0.185003
0.833833
0.677517
0.400344
0.101728
0.29847
0.0467565
1.05667
0.186565
0.814589
0.568512
0.0289987
0.128969
1.18336
1.55769
0.522319
0.295208
0.553671
0.361886
0.4362
0.157699
1.99349
2.02221
0.794363
0.0888033
0.95845
0.0814406
0.139682
0.183139
0.456492
0.32847
0.478503
0.263806
0.12656
0.0913238
0.450803
0.559099
0.148
0.320513
2.08527
0.0310023
0.0827185
0.0208819
0.169472
0.0302409
2.83352
1.37177
0.351187
0.548465
0.299591
0.0453153
1.3792
0.282978
0.0358152
0.659171
0.451825
1.27593
1.07164
0.912081
0.129873
0.328315
0.192987
0.931234
1.11001
0.392453
0.00585888
0.332256
0.122292
0.155893
1.59374
0.112526
0.198736
0.0589419
0.138819
0.477855
0.0930984
0.136542
0.400499
0.561168
1.17734
0.000929935
0.715911
0.921582
0.284617
0.88672
0.426782
0.01469
0.697798
0.305171
1.01096
1.98343
1.39225
0.104011
0.873713
0.884897
0.65773
0.908316
0.189246
1.48424
0.0556273
0.159986
0.0813442
0.283938
0.243092
0.249262
0.0249803
0.404752
0.499218
0.457961
0.130295
0.384606
0.460288
2.32981
0.237654
0.0182032
0.859575
1.52259
0.0334462
0.425599
0.263179
1.34636
0.403902
0.213462
0.0639823
0.238971
0.0974714
0.954476
0.122547
0.338859
0.805677
0.19479
0.726337
1.50316
0.705151
0.0818998
0.210112
0.816516
0.612103
1.83739
0.25919
1.36987
0.357969
0.00312277
1.30146
1.1017
0.0214421
0.686638
0.922532
0.0564063
0.192699
0.144663
0.0198831
1.03567
0.456545
0.086642
0.146465
0.747689
0.00546253
0.318662
0.156029
0.833662
0.789825
0.0173566
0.71727
0.399124
0.10241
0.0553962
0.218901
1.10919
0.0414303
0.711609
0.876156
0.44676
0.7247
0.698313
0.32731
0.823223
0.345868
0.194559
1.2264
0.854944
0.426161
1.5281
0.590613
0.0945491
0.0594118
1.46895
1.47952
0.0655678
0.270916
0.121796
1.36018
0.1193
0.144048
0.59524
0.718066
0.285922
0.806723
0.0620458
0.197805
1.06147
1.04279
0.0832386
0.318485
0.51229
1.18184
1.51277
0.297393
0.259782
0.159974
0.224918
0.127017
0.939935
0.189315
1.24707
0.00994064
0.278642
0.999227
1.71814
0.399407
0.166182
0.101676
0.331103
0.341642
0.284863
0.0993548
0.148663
1.01948
1.98198
0.234122
0.10943
0.987839
0.143616
0.215333
0.202063
1.1069
0.147757
0.166974
0.207027
0.540983
0.407909
0.60416
1.08318
0.259691
0.00832036
0.811866
0.276516
0.29326
0.550248
0.249295
2.54794
1.49854
0.429745
0.325202
0.294494
0.0055007
0.537025
0.60585
1.06338
0.509979
0.0396343
0.0402481
0.347296
0.197167
0.278666
0.895369
0.122047
0.574609
0.0622557
0.405539
0.21094
0.561648
0.148477
0.130418
0.0416398
0.159707
0.0164846
0.351299
0.631446
0.601529
1.13805
0.620739
0.524615
0.321169
0.104872
0.0498569
0.331678
0.940579
0.797799
0.227582
0.333717
1.03344
0.292593
2.19903
0.11113
1.02112
0.859798
0.268823
0.403022
1.38977
1.77892
1.13927
0.474313
0.129659
0.0680009
0.589857
0.348424
0.086933
0.10991
0.123598
0.980619
0.0497189
1.33003
0.355766
0.420351
0.0634994
0.463186
0.0274776
1.70338
0.256435
0.271613
0.302411
0.160548
0.990708
0.291274
0.321168
0.65911
0.152169
1.10281
0.168273
0.111773
0.98778
0.101262
0.838455
0.0470116
0.185888
0.352289
0.447737
0.317516
0.607045
0.831943
0.19979
0.798937
0.674798
0.911645
0.228063
0.982771
0.292163
0.272138
0.876573
0.928128
0.912763
0.164669
0.0630023
0.603645
0.640296
0.448645
0.284035
2.08396
0.329029
0.634965
0.102184
0.210386
1.16386
3.07981
0.283873
0.119746
0.350156
0.0125485
0.574513
0.115707
0.902068
0.00626556
0.00213619
0.429056
0.951768
0.231438
0.286314
0.1737
0.780963
0.152401
0.0737985
0.495959
0.391897
0.147595
0.200335
0.154254
0.941732
0.720926
0.143823
0.2003
0.329527
0.285297
0.559727
0.243181
0.283431
0.0564394
0.455793
1.37653
0.0705088
0.165064
0.0770753
1.70425
0.173802
0.0795684
0.391479
0.078082
0.364542
1.92938
0.288179
0.184025
0.138296
0.428163
1.38273
0.768481
0.888605
0.155429
0.0258698
0.56789
0.0155865
0.178621
0.00447507
0.360107
0.664404
0.573564
1.14381
0.0919043
0.778407
0.343191
0.0550036
1.26738
0.752033
0.141865
1.09297
0.037037
0.250561
0.281565
0.121659
1.21407
0.263378
0.530712
0.124049
0.526512
0.13024
0.0852579
0.286426
0.0310487
0.275782
0.333262
0.671688
0.303158
0.773011
0.689058
1.72095
0.369191
0.28141
1.00678
0.585621
0.12397
0.225567
0.790403
0.0755932
0.0759176
0.0210469
0.0141696
0.119298
0.285792
0.306723
0.279523
0.213219
1.01248
0.042933
0.418377
0.366068
0.186693
0.643055
1.55282
0.232456
0.0798547
0.291441
0.0587425
0.460969
0.129787
0.978766
0.422274
0.694615
0.170677
0.287004
0.29058
0.355438
0.804299
0.133902
0.523625
1.41259
0.161594
0.565114
0.0830093
0.621585
0.0728356
0.435199
0.0302471
0.00178237
0.544575
0.491198
0.369781
1.84641
0.21481
0.32493
0.213018
0.343435
1.26034
0.306017
0.0521831
0.0802098
0.190299
0.553353
1.14605
0.465372
0.0560754
0.207529
0.0608162
1.18182
0.427409
0.721168
0.937434
0.951239
0.290504
3.90508
0.413149
0.429275
0.434715
0.485154
0.433491
0.14006
0.141593
0.0540483
0.12385
0.453002
0.434156
0.417716
0.04865
0.346509
0.0121801
0.106486
0.522273
0.208222
0.987268
0.396037
1.46266
1.70965
1.08927
0.0314054
1.03252
0.309421
0.870069
0.636148
0.187153
0.154058
0.635425
1.03799
0.920662
0.178492
0.342194
0.273377
0.393205
0.677828
0.370784
0.72181
0.20631
0.054893
0.200419
0.281763
0.463056
0.218716
0.487255
0.145215
0.59359
0.330628
0.802606
0.512596
0.299885
0.579095
0.605585
0.195966
0.0797193
0.373966
0.0225311
0.307733
0.784687
0.720838
0.203367
0.501493
0.0329018
0.885329
0.0279635
0.468513
0.424317
0.431405
0.232717
1.20445
0.572851
0.605966
0.208431
0.168372
0.0291776
1.65537
0.386059
0.696367
0.296477
0.20558
0.249512
1.14321
0.0116677
0.0499262
0.125913
0.0934318
0.486013
0.155088
0.4972
0.266799
0.0153073
1.66536
0.0239265
0.0492675
0.789967
0.0533017
0.605405
0.227863
0.56838
0.0385385
0.16155
0.224037
0.749305
0.479843
0.520717
0.895614
0.434343
0.102295
0.439557
0.0141
0.369217
1.90219
1.30304
0.393952
0.0377693
0.0805517
0.628768
0.592805
0.26848
0.212095
0.0571162
0.29496
0.185483
0.0840173
0.387683
0.0548765
0.147718
0.138212
0.317398
1.3662
0.189672
0.685318
0.175545
0.0483931
0.225525
1.4335
1.29844
1.4371
0.0685685
0.357026
1.77622
0.525321
0.334785
1.13905
0.108761
0.411431
0.0237122
1.21033
0.147365
0.309758
0.14842
0.225663
1.18986
0.418244
0.364794
0.296098
0.555416
0.742915
0.583014
0.075802
0.616567
0.00204825
1.08897
0.00235636
0.05065
0.143686
1.47665
0.0110373
0.107406
0.0395118
0.379832
0.0899535
0.647804
0.0102279
0.0320952
1.27398
0.435032
0.0574199
0.894568
0.904992
0.422318
0.0470085
0.111297
0.324766
0.534288
0.631955
1.29247
0.198167
0.33779
0.474661
0.315452
0.111422
0.479971
0.218954
0.114369
0.624874
0.463655
0.0826114
0.664495
0.798977
0.129565
0.1556
1.63961
1.54553
0.169614
0.0124107
1.04497
1.01535
0.0713621
0.617561
0.610557
0.607506
0.802059
1.17515
0.0998378
0.303885
0.486579
0.0558025
0.763132
0.0600966
0.633987
0.144203
0.187719
0.204498
0.464635
0.364361
0.0251766
0.117571
0.553983
0.767077
0.00362894
1.14162
0.0265918
1.74623
0.957278
0.20736
2.56553
0.65263
0.116742
0.0679652
0.288214
1.22282
0.887126
0.135269
0.851841
0.00572947
0.589588
0.289998
0.0622128
0.322294
0.402991
0.902712
0.646702
1.00631
0.0939358
0.200853
0.242122
0.124478
0.388661
0.0275488
0.00237935
0.39659
1.51469
0.0291014
0.364045
0.81545
0.252104
0.357962
0.380868
0.463481
0.508548
1.77444
0.364464
0.316258
0.11677
0.204407
0.327098
1.15502
0.7473
0.454578
0.235694
0.199503
0.283461
0.0535302
0.10869
0.463183
0.283127
0.432814
0.86976
1.80073
0.500951
0.883464
0.36731
0.439105
1.0844
0.0191015
0.246101
0.165434
0.397858
1.27466
1.08554
0.103573
1.11797
0.258355
0.533331
0.0534492
0.671774
0.0730821
0.00106384
0.361539
0.660478
0.237399
0.928169
0.0906715
0.3265
0.0199589
0.734535
1.21447
0.481618
0.451017
1.07962
0.144618
0.275302
0.259512
0.902842
0.184868
0.29204
0.127033
0.446755
2.36214
0.0790432
0.323828
0.0981421
0.0200634
1.06117
0.898082
0.0758275
0.482911
1.75411
0.0770657
0.0719776
0.607297
0.36785
1.9045
1.01636
0.000174185
0.00855328
0.509274
1.21645
0.504347
0.132724
0.796793
1.08784
0.534337
0.112637
0.640261
1.68514
0.51653
1.46372
0.406419
0.504212
0.0486358
0.0168464
0.839469
0.0707949
1.22311
0.521343
0.159234
0.380403
0.48057
0.268567
0.549481
0.193356
1.37764
0.517274
0.105196
1.38039
0.541725
0.881922
0.945156
0.176113
0.0318708
0.518918
0.101272
0.633437
0.940237
1.17935
0.575862
0.33821
0.955012
0.137423
0.0677795
1.44671
0.159719
1.40838
0.039866
0.103403
0.442994
0.21491
0.63565
0.114856
0.723984
0.244138
0.373222
0.604261
0.015709
0.628834
0.508219
0.589646
0.392959
0.333831
2.27264
0.465768
0.0712851
0.0948132
0.196033
1.96498
0.0407072
0.00414176
0.319255
1.33043
0.142883
0.456515
1.03862
0.369077
0.387063
1.51167
0.616919
0.0676737
0.178863
0.279623
0.201602
0.0339724
0.842828
0.975172
0.728464
0.934126
0.426023
0.259738
0.386214
0.0626444
1.11403
0.374851
0.643332
0.0127281
0.602361
0.024674
0.00275278
0.753471
0.0290262
0.324481
0.6164
0.181893
0.0395786
0.437634
0.877129
0.477255
0.38244
0.383711
0.676598
0.901954
1.66424
0.0381229
1.15649
0.75441
1.33818
0.551435
0.489663
0.351241
0.0380362
0.0886945
0.486964
1.68358
0.585655
0.212487
2.33606
0.247365
0.250737
2.77829
0.0923685
0.299612
0.320799
1.04861
0.704726
0.398871
0.308511
0.43696
0.0899548
2.6554
0.0630532
1.18351
0.887179
0.0431229
1.9474
0.657343
0.988301
1.20866
0.255017
0.332666
0.268486
0.320064
0.522691
0.0193121
0.288383
0.206609
0.242336
0.280127
0.652349
0.753585
0.276757
1.13857
0.13018
1.14446
0.744994
2.09815
0.297356
0.133989
0.419244
0.474579
0.130772
0.579365
0.366125
0.0312283
0.732121
0.345401
0.785079
0.497406
0.263533
0.106295
0.0617079
0.871913
0.54575
0.723122
0.994025
0.0541134
0.0543657
0.141937
0.379122
0.891225
0.0129679
1.56848
0.653183
0.14707
0.966232
0.35041
0.137072
0.180835
0.671423
0.823605
1.24098
1.73747
0.340144
0.285991
0.0150145
0.152092
1.36225
0.86178
1.11505
0.210863
0.00658439
0.00431194
0.0927049
0.565625
0.741697
0.0164032
0.756941
1.04439
0.163844
0.186589
0.615393
0.181932
0.156017
0.287357
0.410312
0.0657678
1.41474
0.803772
0.278207
0.56949
0.467017
0.210157
0.52333
0.0529934
0.75424
0.567338
0.225366
0.624441
0.346618
0.147401
0.0294828
0.359876
0.1532
0.128413
0.105667
0.0188728
0.149723
1.76072
1.2221
0.386294
0.165574
0.485296
0.926388
0.399191
0.0300214
0.257954
0.559197
3.58606
0.113239
0.0526441
0.568293
0.82957
0.29268
0.198733
1.20542
0.125417
0.00323676
0.159483
1.36686
0.353113
0.375835
2.43223
0.00990937
0.785902
0.12345
0.117937
0.884135
0.324615
0.0995692
0.678516
0.00793056
0.31038
0.226057
0.979266
0.0062427
0.274085
0.15189
0.57855
0.273422
0.312408
0.769812
0.0528543
0.160335
0.129795
0.279563
0.102037
0.299356
0.285239
0.305966
0.243477
1.41716
2.13861
0.237238
1.62037
0.753551
0.453875
0.0937588
0.468018
0.0385062
0.216584
0.215697
0.0470771
0.841039
0.626083
1.48593
0.875561
0.0731544
0.118348
0.358745
0.407471
0.562594
0.176599
0.535958
1.49533
0.37348
0.0449296
0.0721335
1.87915
0.367698
0.448294
0.224851
0.309879
0.431564
0.673479
0.274775
0.220501
0.205143
0.450426
1.66812
0.264377
1.45318
0.189042
0.347092
0.712182
0.0146846
0.298292
0.440654
0.0901924
0.539522
0.0514504
0.640762
0.204352
0.251549
0.239046
0.1679
1.27259
0.313656
0.272
1.14246
2.15847
0.00584322
0.150823
0.297634
0.445529
0.000184792
1.02543
1.46298
0.205421
0.312887
1.20853
0.68831
0.264221
0.127861
0.142568
0.093054
0.146907
0.59767
0.704424
0.27205
0.221178
0.959884
0.0765886
0.590401
0.142978
0.369132
1.91296
0.0933133
2.21275
0.253566
0.0354607
1.8383
0.263306
0.199392
0.275196
3.55054
0.199668
0.174532
1.45535
0.548521
0.713152
0.970287
0.266972
0.0933352
0.0427906
0.54206
0.207833
0.205193
0.222519
0.0502829
0.70579
0.630587
1.48829
1.14269
0.263517
0.11016
0.272641
0.245387
0.229421
0.262423
0.770019
0.286749
0.241479
0.108472
0.724754
0.820777
0.10796
0.0496606
0.0532215
0.0752737
0.715
0.985845
2.77877
0.0958246
0.0157771
0.0406935
0.904567
0.23194
0.267875
0.108707
0.314462
0.0937747
1.21568
0.268814
0.0358966
0.194104
0.475449
0.336279
0.618208
1.99745
1.14115
0.341801
0.270677
0.164944
0.585961
0.101275
0.0456836
1.07894
0.162798
0.104307
0.012245
0.0196791
0.0251573
0.0102719
0.119762
0.0417622
0.0518462
0.0252266
0.300094
0.36002
0.140258
1.25129
0.576448
0.0852093
0.203229
0.700309
0.325444
1.47443
0.139298
0.104124
1.32389
0.0760545
0.57474
0.213267
0.274179
0.233745
0.378136
0.356083
0.149107
0.826406
0.598185
0.165677
0.93893
0.686749
0.180043
0.0309804
0.876976
0.256147
0.0578636
0.163006
1.22756
0.218391
0.109283
0.456183
0.357263
0.377856
0.216919
2.25462
0.324972
0.452102
0.0973919
0.261379
0.66636
0.983721
0.701921
0.0861913
0.133034
0.167691
0.550952
0.338116
0.0490405
0.227437
0.742548
1.41095
0.0595339
0.0394691
0.000294083
1.39978
0.32388
0.0581938
0.122546
0.247912
0.311584
0.266959
2.27149
1.83128
1.44139
0.208774
1.65285
0.274044
1.37817
0.0755939
0.883229
0.558466
0.000249863
0.437828
0.889107
0.13336
1.01379
0.345397
0.646553
1.63208
0.998634
0.345677
1.16282
1.87638
0.427839
1.16584
1.23675
0.0265891
0.0064093
0.0714029
0.292344
0.323604
0.395683
0.282887
0.299671
0.337453
0.742328
0.267349
1.21944
0.618758
0.404242
0.677018
0.24113
0.404803
0.196681
0.120192
0.778137
0.107564
0.62326
0.361455
0.0844065
0.429944
0.00693021
0.0296691
0.402976
0.444301
1.61546
0.316542
0.511602
1.80997
0.46081
0.0434764
0.298655
0.0806129
0.362173
1.15399
0.510403
0.170386
0.188942
0.401968
3.3129
1.01688
0.17424
0.240057
0.275932
0.483076
0.451887
0.119893
0.83837
0.183693
0.650732
1.72652
1.07815
0.676685
0.0131528
0.287758
0.200539
2.15037
1.18561
1.76955
1.60517
0.355411
0.0278832
0.26328
0.535975
0.421519
0.185463
0.176452
0.977293
0.489875
0.947866
0.972635
0.340365
0.0777612
0.136127
1.24977
0.720877
0.895782
0.0702532
0.429607
0.0758525
0.979316
0.39357
0.0126624
0.458871
0.422937
0.3105
1.33669
0.407386
0.230404
1.1611
0.363783
1.05181
1.56386
1.30377
0.383555
0.373043
0.134717
0.894887
0.242383
0.985863
0.574102
0.138015
0.218893
0.876729
0.326529
0.159012
0.446181
0.187601
0.258335
0.0912518
0.302209
0.152207
0.621831
0.325632
0.993979
0.165986
1.41687
0.789957
0.915515
0.185846
0.595281
0.220548
0.104386
0.527967
0.166307
0.643799
0.0979549
0.366091
0.407171
0.41285
0.238957
0.137128
0.812991
0.662997
0.0345084
0.166221
0.00344945
0.535016
0.452773
0.264131
0.868126
0.0252712
0.558616
0.383391
0.375283
0.383764
0.851837
0.316598
0.200125
0.536089
0.756022
0.0130682
0.00725568
1.72041
0.566494
0.176455
0.588875
0.968429
0.847771
0.14324
0.27057
0.109342
0.335655
0.124999
1.336
0.405572
0.350617
1.38839
0.119543
0.052517
0.213957
0.0185776
0.0806672
0.0105854
0.424279
0.564886
0.406855
0.247111
0.0789125
1.08858
0.0244336
1.29876
1.21769
0.0320555
1.11982
0.446245
0.222721
0.440381
0.295484
0.0967673
0.899789
0.99801
0.232913
0.19548
0.0445918
0.180679
1.05699
0.445006
0.137897
0.0481982
0.584071
0.44478
0.0686948
0.910228
0.470948
0.602549
0.361743
0.0913015
0.0473157
0.540793
0.0275125
0.0742409
0.44153
1.69031
0.111624
0.326952
0.406347
0.40997
0.0338834
0.00127589
0.664958
1.15206
1.00748
0.0570796
0.126638
1.51824
0.264795
0.0543438
0.389729
0.528043
0.108385
0.130943
0.138107
0.19523
0.0354523
0.953455
0.0119376
0.437803
0.0092666
0.0604538
0.140077
0.0373085
0.145088
0.888389
0.0193053
0.300696
0.186116
0.450965
0.00578005
0.236065
0.454115
0.687171
0.161814
0.311285
0.96509
0.3468
0.268441
0.154645
0.462182
1.5707
1.25184
0.799995
0.103622
0.0869187
0.064688
0.147607
0.00554452
0.078297
0.913233
0.0149154
0.149765
0.0435156
0.0533982
0.357391
1.22769
0.0749269
1.64376
0.12743
0.660966
1.82766
0.459776
0.200345
0.638524
1.05098
0.788918
0.429033
0.237415
0.117236
0.92274
1.98763
0.0906341
0.714117
0.755537
0.217679
1.26183
1.15472
0.469006
1.33583
0.0233532
0.296753
1.6126
0.181537
0.378539
0.0317596
0.844151
0.294514
0.112016
0.752134
0.554496
1.35973
0.697097
0.158323
0.153421
0.32038
0.0807855
0.029775
0.0251872
0.374545
0.155184
1.10902
0.355075
0.283355
0.52698
0.169668
0.769904
0.423475
0.104398
0.25058
0.34872
0.133334
0.921903
0.310315
0.386677
0.233205
0.371104
0.218249
0.851556
0.644853
0.0705081
0.334708
0.537553
1.0749
0.712317
1.28179
0.220494
1.19624
1.97597
0.260208
0.286174
0.142247
0.176131
1.44326
0.570055
1.48162
0.131974
0.313487
0.366598
0.272732
0.982937
0.0110055
0.53138
0.604916
0.330984
0.107239
0.0387121
0.00406804
0.395646
1.11461
0.659788
0.567015
0.239324
0.248371
0.412492
0.0752851
0.188775
1.25271
0.0247947
0.174951
0.195844
0.331
0.39137
0.485095
0.279668
0.126199
0.421216
0.53999
0.583754
0.046588
0.0421391
0.39795
0.0586814
0.664624
0.144226
0.451814
1.31805
0.196581
0.461916
0.322275
0.12261
0.204553
0.0832445
0.455461
0.649593
0.627854
0.668998
0.0213009
0.501857
0.770911
0.205453
1.57994
0.157486
1.0593
0.432037
0.599661
0.0542738
0.0800236
0.222362
0.784442
0.135159
0.289752
0.208173
0.213549
0.0962751
0.447173
1.42801
0.0546326
1.2397
0.394288
0.432097
0.0717466
1.06543
0.658341
0.657489
0.4689
0.296292
0.316637
0.525224
0.0420102
0.147292
2.17797
0.0194519
0.372587
1.00859
0.479488
0.126769
1.7505
0.723259
0.437273
0.716808
0.00073797
0.0115179
0.0538498
0.214681
0.110273
0.590826
0.172358
0.179358
0.470079
0.907271
1.06028
0.679549
0.633551
0.473392
0.321824
0.197905
0.0304679
1.43921
1.88796
0.0752392
0.110907
1.66565
0.0979227
0.644192
0.889586
0.791339
1.48051
0.807363
0.409568
0.378771
0.413465
0.411243
0.403668
0.546384
1.20252
0.696911
0.221537
0.112395
0.0273876
1.71134
0.0195806
1.35406
0.61977
0.706848
0.394115
0.102351
0.0436634
0.463761
0.0689916
0.0313136
0.681624
0.198616
0.0126384
1.27573
0.0267563
0.969604
0.630462
0.000169932
0.535358
0.16134
0.379134
0.124133
0.90534
0.0446769
1.0795
0.685594
0.908087
0.138866
1.47358
1.10663
0.117782
2.13135
0.868617
1.26511
0.678705
0.230498
0.0557273
0.875201
1.82124
0.133518
1.09019
0.632896
0.41297
1.215
0.510848
0.476325
0.730821
0.220513
0.476766
0.277025
0.500406
0.078997
0.518141
0.31638
0.131738
0.377286
0.121081
0.0357353
0.739839
0.0887163
1.60485
2.01328
0.080377
0.765372
1.16407
1.10899
0.0830098
0.00401126
0.631981
0.0677857
0.138764
0.463764
0.931415
0.816153
0.363282
0.331584
0.271334
0.167441
0.92071
0.0169992
0.618866
0.321063
0.0989646
0.219398
1.42976
0.26483
1.08131
0.0858537
0.327128
0.535399
0.193094
0.289734
0.510034
0.316361
0.126433
0.390391
0.223165
0.236122
0.39919
0.0403313
0.349766
0.785801
0.572797
0.213817
0.454173
0.110571
0.894082
0.00786854
0.329831
0.560645
0.0251421
0.107174
0.0800657
0.129782
0.39717
0.0475244
0.510559
0.283783
0.142806
0.0639051
0.0473542
0.420595
0.410244
0.654281
0.0191929
0.764416
0.158551
0.253488
0.0869448
0.862105
0.322351
0.543528
0.475925
0.0854807
0.00539989
0.118357
0.219674
0.927269
0.128348
0.911679
0.364507
0.161094
0.0159779
0.547685
0.350641
0.43324
0.705817
0.0776599
0.00637445
0.0023562
0.153153
0.0543663
0.426076
0.86756
0.894346
0.472297
0.46676
0.0552228
0.00444379
0.727164
1.30354
0.330852
0.280389
0.388509
0.51246
0.289888
0.695167
2.85966
0.166655
1.89502
0.901619
0.807395
0.14574
1.00752
0.31429
0.707128
0.295528
0.126098
1.15507
0.307099
0.129132
0.0899168
0.412717
0.807508
2.22033
0.251079
0.265748
0.451989
0.345915
0.273333
0.224307
0.277208
1.17774
0.782046
1.68802
0.395189
0.131136
0.630845
0.391585
0.360928
0.592462
0.237633
0.189327
1.46943
0.140497
0.761331
0.608643
0.58757
0.00239399
0.46408
0.0813475
0.132233
0.733342
0.622579
0.0170357
0.708423
0.0565179
0.29509
0.21737
0.465985
1.00831
0.625976
0.0161661
0.73931
0.351373
3.02291
0.191638
0.66491
0.626682
0.988153
0.143591
0.262706
0.137021
0.416025
0.219843
0.331471
0.212869
0.0307934
0.0967265
0.216539
0.54599
0.197293
0.438384
0.284368
0.0194462
0.480346
0.106152
0.0783428
0.032613
0.392465
0.695653
1.32991
0.149137
0.764079
0.605478
0.71917
0.758651
0.0103374
0.344731
0.341752
1.06804
0.688725
1.17088
0.0648169
0.187436
0.150285
0.46602
0.538429
0.192341
0.761955
0.00544207
2.06079
0.057247
0.451563
0.270248
0.0791044
0.119174
0.469296
0.172201
0.16094
0.0828328
0.0217699
0.114867
0.264302
0.873404
1.18943
0.0951275
0.466169
1.3142
0.556465
0.0535267
0.829546
0.271661
0.00268968
1.33879
0.658025
0.153921
0.385577
0.248086
0.438897
0.192584
0.257056
0.41976
0.279173
2.85206
2.12105
0.426863
0.117064
0.451249
1.00321
0.33078
0.68741
1.19372
0.584319
0.0858024
0.661765
0.453855
0.200941
0.207889
0.371546
0.00117396
0.291426
0.203268
0.273684
0.296254
0.154159
0.0832265
0.622449
0.811868
0.393158
0.175724
0.0653404
1.46356
0.999073
0.39964
1.43338
0.948681
0.0664927
0.0823523
0.293926
2.30519
0.50504
0.106347
1.14231
0.196536
0.214841
0.499827
1.27279
0.570067
1.79077
0.295234
0.573747
0.267101
0.757014
0.0549626
0.986369
0.023177
0.148823
0.425432
0.942382
0.809534
1.01737
1.76401
0.689889
0.661564
0.368012
0.587988
0.438217
0.518534
0.926833
0.0143112
0.504696
0.326145
0.124111
0.381513
0.81525
0.420936
0.0906052
0.646842
0.143388
0.0741964
0.0941737
1.34331
0.401225
1.51466
0.018326
0.266106
2.89588
0.173663
2.12199
0.932431
0.050099
0.965287
0.845649
0.928013
0.444136
0.205268
0.383063
0.0945944
2.01461
0.237832
0.111938
0.480868
0.974827
0.272708
0.0821531
0.542126
2.278
0.190819
0.245174
0.136441
0.303637
0.40965
0.0935904
0.0034803
0.357606
0.115774
0.272046
0.354495
0.346693
0.259833
0.217659
0.452504
0.150699
0.0923588
0.289167
0.944743
0.351968
1.83177
0.0107244
0.334303
0.217617
0.12539
0.0556608
0.118218
0.513899
0.14844
1.02946
0.499432
0.426804
0.150549
1.02211
0.0148639
0.855335
0.0210494
0.0184496
0.200363
0.142456
0.304273
0.910157
0.689241
0.987144
0.105957
0.210416
0.0646878
0.222853
0.763166
1.75673
1.00122
0.707403
2.37957
0.217373
0.0582185
0.119912
0.306171
0.193182
0.96703
0.627259
0.107145
0.333878
0.170479
0.301545
0.221319
0.191511
0.158821
0.254485
0.21881
0.461033
0.520368
0.831122
0.290203
0.251135
0.556498
0.498879
0.670363
0.786994
2.35097
0.368041
0.719826
0.968679
0.162893
0.702059
0.116904
0.245474
1.71558
0.548917
0.61624
0.866058
0.239982
1.15792
0.1857
0.554491
0.218632
0.551149
2.2244
0.492198
0.0345564
0.209835
0.129799
0.625155
0.083041
0.552769
0.0573847
0.869916
0.178525
0.937917
0.480165
0.17208
0.229264
0.239198
0.0795565
0.518984
0.0723044
0.219708
0.0171819
0.0539539
0.0111198
0.677808
1.29767
0.258077
0.515751
0.13434
0.0380592
3.0434
1.16913
0.0317899
0.489166
1.75802
0.25904
0.957646
0.575796
0.407499
0.368725
0.785819
0.24048
0.862789
0.509533
3.476
0.0600196
0.00343888
0.238426
0.150697
0.528755
0.360676
0.478298
0.579915
0.47881
0.507773
0.279896
0.389979
0.0209234
0.0374697
0.75071
0.0606754
0.0362465
0.570798
0.0967181
0.592069
0.526305
0.434006
0.395591
0.203865
0.0740033
0.0354042
0.0679883
0.366344
1.10496
0.726656
0.36535
0.00170492
0.741534
1.13989
0.153003
0.277336
0.265174
1.05772
0.0595043
0.0140938
0.364092
0.389213
0.421251
0.408447
0.474758
0.212748
0.558096
0.574426
0.0138119
0.943099
0.236596
0.566944
0.279804
1.28642
0.00657374
0.417519
2.41673
0.0755268
0.0447036
1.06994
1.18438
0.463114
1.08462
0.568879
0.348225
0.0808791
0.055579
1.22235
0.0145975
0.122568
1.41547
0.394816
0.709975
0.357094
0.0550115
0.232087
0.972335
0.749534
0.0279391
1.07799
0.490434
0.282232
0.413261
0.0275355
0.219266
0.428413
0.483429
0.213133
0.628847
0.610815
0.130286
0.486556
0.184957
0.0611535
0.179451
0.83262
0.153586
0.261078
0.643864
0.173539
0.4893
0.54703
0.913914
0.240987
0.0965232
1.43609
0.700771
0.0165312
0.636636
0.825465
1.24285
0.211637
0.136866
0.32616
0.254316
0.451294
0.0281037
0.00928906
1.4197
0.735595
0.643057
0.0937239
0.249154
0.0167077
0.168472
0.592086
0.928047
0.39984
0.0531031
0.419458
0.928236
0.645353
0.132613
0.57445
0.0567864
0.262567
0.492337
0.987158
0.290843
0.212725
0.55323
0.221411
0.58822
1.197
0.906827
0.0473247
0.349802
1.11096
0.0575454
0.294174
0.542277
0.893005
0.478145
0.0279628
1.00211
1.16004
0.689939
0.617136
0.30098
0.94574
0.162018
0.175517
0.426746
0.356412
1.93292
0.571966
1.25214
0.46506
0.391077
0.222605
1.51847
0.119035
0.631311
0.515912
0.0642515
0.403754
0.662039
0.488826
0.294963
0.924695
0.0355134
0.0569087
0.562025
0.576398
0.0883504
0.388563
0.440923
1.20598
0.143327
0.0194978
0.712543
0.373277
0.203447
0.202923
0.0181999
0.187958
0.00756885
1.53967
1.25562
0.407775
0.187945
1.0234
0.733657
0.0154413
0.361283
1.10384
0.439067
0.142807
0.360621
0.0152675
0.0477679
0.436633
0.0740486
0.726544
0.155074
0.178068
0.18295
0.957453
0.11785
0.405578
1.1077
1.74493
0.0425932
0.127559
0.180544
0.062444
0.386651
0.191441
0.0370467
0.305642
1.04257
0.242852
0.198896
0.518052
0.268198
0.924778
0.383086
3.89894
0.0477823
0.0251535
0.0150559
0.100602
0.499127
0.0915504
1.48219
1.14208
0.314559
0.147075
0.694717
0.564929
0.831659
0.513155
0.519817
1.11351
1.00813
1.49287
0.00479994
0.2599
0.155717
0.0422177
0.992821
0.0773419
0.313404
0.10592
0.776718
1.0637
0.0170878
0.195552
1.06198
0.0666164
0.233208
1.20456
0.183358
0.00211986
0.0402911
0.147455
1.16329
0.393025
0.356916
0.529437
0.125052
0.193366
0.174656
1.01132
0.119685
0.0881746
0.849663
0.125791
0.41855
0.0443051
0.180772
0.280834
0.129458
0.732897
0.484646
0.00836543
0.524851
0.531015
0.207972
0.377937
0.754763
0.624199
0.290361
0.0449507
0.631625
0.364829
0.208804
0.483314
0.0321549
0.953974
0.159271
0.166734
0.0945779
0.419223
0.0820015
0.243244
0.653359
1.72815
0.4678
0.175722
0.027361
1.20983
0.647445
0.1652
0.569958
0.212875
0.176879
0.200322
0.000483777
0.508384
0.98489
0.756956
0.216372
0.179065
1.0047
0.035501
0.854476
0.116162
0.582659
1.06528
0.030367
1.62168
0.0900391
0.131507
0.376009
0.189939
0.479192
0.149121
0.167394
0.12689
0.40395
0.206065
0.0726204
0.164446
0.482642
0.844619
0.493087
1.24494
0.0785914
0.494385
0.405198
0.0029912
0.262056
1.18539
0.18335
0.159999
1.84707
0.0672957
0.328081
0.544294
0.00359134
0.388359
0.48945
0.0943421
0.737795
0.0829454
0.334723
0.245384
0.264444
0.740341
0.47335
1.67544
0.0584235
0.687513
0.140668
0.653564
0.413347
1.02874
0.519913
0.61543
0.346764
0.112699
0.625748
1.19358
0.0573649
0.0105638
0.100421
0.0436099
0.0794
0.544014
0.686852
0.083612
0.11358
0.231898
0.19722
1.83577
0.371137
0.840869
0.225027
1.36445
0.441509
1.83234
1.14958
0.596592
0.639266
0.0782574
0.277693
0.16708
0.0086267
0.0377031
2.4154
0.364175
0.160402
0.611991
0.277044
0.241304
0.648866
0.467435
0.31401
1.03448
0.157686
0.119881
0.0140311
0.320932
0.438888
0.218179
0.297333
0.057292
0.0916993
0.832104
0.0219615
0.701274
0.768668
1.4291
0.299625
0.353219
0.0457888
1.04748
0.781903
0.0552507
1.49348
0.763197
0.486312
0.126798
0.335326
0.0242355
0.466747
0.121338
0.531639
0.0379952
0.0466922
1.29621
0.168688
0.0621181
0.254456
1.02263
0.317857
0.938997
1.92963
0.508065
0.536126
0.011066
0.248821
0.292424
1.66935
0.925162
1.49201
0.0267145
0.636018
0.673677
0.0851817
0.553271
0.369863
0.753784
1.11884
0.00572275
0.873969
0.34669
0.128644
0.327488
0.425826
0.189907
0.260191
0.981811
0.283557
0.816246
0.655231
1.16798
0.52729
0.617596
0.389668
0.185115
0.656726
1.35398
0.697636
0.594751
0.74837
0.604736
0.688477
0.342471
0.291446
1.17325
0.0902696
1.66873
0.574187
0.0301264
1.86181
0.355366
0.40889
0.113267
2.26693
0.0707129
0.365653
0.251237
2.38569
1.51372
0.111275
0.639772
0.964971
0.952533
0.281987
0.252201
0.087541
0.088468
0.199836
1.22004
0.975238
0.0558019
0.476596
0.465001
0.460002
0.0289256
0.356413
0.727634
0.0104498
0.106962
0.871873
2.83269
0.604168
0.242031
0.1111
0.586506
0.362428
0.632861
0.0447078
0.353762
0.553611
0.167778
0.130016
0.371555
0.0732345
0.539448
1.266
0.176099
0.863536
0.143815
0.117675
0.569701
0.219689
0.869195
0.168042
1.5738
1.06183
0.792812
0.643148
1.15677
2.20196
0.39797
1.13956
0.584104
1.34832
0.0509442
0.23873
0.297261
0.843251
0.312911
1.55401
0.331171
0.693624
0.101844
0.00438202
1.08791
0.929953
1.32414
0.101269
0.549069
0.0987306
0.249655
0.212705
0.382591
0.122469
0.499748
0.338436
0.0513781
0.278535
0.121357
3.33919
0.267974
0.722698
1.13345
0.0548862
0.596872
2.49815
0.330442
0.0783794
0.825315
1.48584
0.0529029
0.172959
0.600358
0.167516
0.179163
0.440349
0.0690549
0.13093
0.732348
0.793607
0.263452
0.08831
0.0765776
1.44407
0.238332
0.743474
0.286454
0.323898
0.11223
0.527231
0.322697
0.478476
0.268899
0.232537
0.636305
0.0598893
0.227182
0.113768
0.149185
0.0951079
0.0826078
0.221874
0.313351
0.952947
0.51509
0.727936
0.287076
0.739324
2.9363
0.115127
0.419156
0.261073
0.229093
0.618185
0.216219
0.686629
0.330342
0.77368
0.126493
0.576885
0.288849
0.600431
0.17869
0.96475
0.0368108
0.0103024
1.71576
0.286462
0.126737
0.127856
0.469965
0.235954
0.438546
0.038977
0.129061
0.128781
0.921935
0.545793
3.51844
0.913115
1.02005
0.418141
0.141005
0.135613
0.161651
0.454172
2.07627
0.71303
0.242254
0.116469
0.293765
0.865271
1.18684
0.682844
0.565967
1.90471
0.724487
0.518176
0.267187
2.25897
1.02354
0.0117926
0.227284
0.303391
0.051738
0.449196
0.572796
1.40753
0.148592
0.571416
0.754975
0.0679544
0.142354
0.0125632
0.226777
0.371181
0.485931
0.214553
0.166868
0.00281902
0.406761
0.651086
0.881393
0.311408
0.320139
0.352635
0.291168
0.135933
0.0820117
0.966795
0.128823
0.0112079
1.05467
0.448746
0.324148
1.88577
0.102397
0.0865987
1.24495
0.291947
0.916647
0.595629
0.421236
0.0459921
0.638226
1.35897
0.473236
0.209729
0.166269
1.13
0.214023
0.915057
0.488696
0.0971884
0.180609
0.0507745
0.573917
0.682424
0.203688
0.897747
0.458086
0.412469
0.969392
0.325651
0.0837048
0.202622
0.304051
0.207252
0.338847
0.233165
0.760737
0.201979
0.0356729
0.216135
0.272543
0.77993
0.167705
0.0163133
0.0710302
0.419495
1.31381
0.327588
0.261667
0.400877
0.535453
0.620026
0.522093
0.207742
0.303679
2.02644
0.0955403
0.0283718
0.393032
0.015258
0.381567
0.599514
0.225682
2.27414
0.0192899
0.96708
0.224798
0.855888
0.103993
0.281915
0.0934183
0.468234
0.124749
0.303829
0.510951
0.21789
0.0117516
0.41948
0.897551
0.281662
0.0635181
0.337842
0.0761783
0.729045
0.889434
0.453826
0.693042
0.002559
0.527335
0.174292
0.0178965
0.102585
2.46866
0.254082
0.0961284
0.0155757
0.146418
0.385034
0.948981
0.291373
1.7209
0.0103805
0.0254504
0.104621
0.323058
0.585136
0.390488
0.345726
0.148905
0.235747
1.32848
0.236488
1.00916
0.0369076
0.0778449
0.599149
0.550837
1.12274
0.607682
0.192375
0.104396
0.670771
0.351467
0.0999959
0.0736462
0.569364
0.119087
0.247815
0.122179
0.0320346
0.893237
0.102152
0.0431096
1.06886
0.233873
0.408822
0.424076
1.23626
0.0297058
0.884076
0.172344
2.19181
0.115467
0.0863918
0.0302342
0.215686
0.972362
0.647975
0.140192
0.410912
0.0234102
0.283647
0.177573
0.399932
0.476224
0.286251
0.130932
0.874748
0.876368
0.296359
1.09551
0.538158
0.499786
1.76688
0.389601
0.002783
0.376804
0.0599681
1.27029
0.442173
1.4269
0.119596
0.427287
0.0804262
0.232144
0.501486
0.34554
0.129638
0.222811
0.680256
0.777384
0.259862
0.0970429
0.0458882
1.56094
0.781796
0.370726
0.103088
0.479542
0.215606
0.501862
0.351553
0.00473759
0.15425
0.322903
0.399986
0.158042
0.00255379
0.544849
0.106708
0.448379
0.465774
0.259528
0.0911485
0.702512
0.748802
0.804365
0.146249
0.0023683
0.0868391
2.91712
0.788696
0.415915
0.0952699
1.06506
0.367687
1.66357
0.259392
0.613765
0.434776
0.703322
0.208116
0.0448612
0.722951
0.465606
0.412283
0.18926
1.04748
0.418127
1.92704
0.0358051
0.0864509
0.439574
0.32125
0.196837
0.207381
0.14408
0.0669282
0.449601
0.147242
0.167539
0.446019
0.0248951
0.946781
0.721258
1.32784
0.231128
0.650558
0.203613
0.0401302
0.184542
0.0469035
0.270296
0.250807
0.962101
0.0119008
1.56204
0.0926427
1.15353
0.369796
0.080049
1.74588
0.572022
0.659885
0.293113
0.0034607
0.0375264
0.591978
0.0708865
0.547427
1.48815
0.269697
0.147583
3.01399
0.154871
0.00972342
1.31097
0.505993
0.687244
0.1518
0.625231
0.0286364
0.216459
0.0703351
0.29902
0.114954
0.0840583
0.26055
0.234623
0.0283862
1.32131
0.36956
0.0125274
0.471185
0.147366
0.315857
0.480114
0.198432
0.0885205
0.691901
2.47995
0.0589827
0.0909257
0.142894
0.0576284
0.28338
0.155876
0.0184365
0.0358245
0.00748973
0.176944
0.763399
0.0365711
0.5241
1.22667
0.367654
0.964909
0.0356078
1.30712
0.130262
0.0661545
0.967588
0.696797
0.0804797
0.313584
0.00355658
0.479851
0.0433741
0.203731
0.755357
0.89329
0.198488
1.10601
3.33943
0.429279
3.69588
0.282273
0.929155
0.0181169
0.347098
0.979256
0.202956
0.166545
1.32581
2.03912
0.10988
0.299015
0.909734
0.154641
0.236509
0.0348038
0.247113
0.132297
0.854791
0.386778
0.599295
0.874771
0.0845783
0.760422
0.0876587
1.36569
0.475882
0.335163
0.872606
0.474256
0.0334363
0.870844
0.0225327
1.19707
0.984347
0.393278
0.729823
0.107831
0.879791
0.59725
0.0974328
0.0127467
0.0796446
0.00752786
0.17209
0.371307
0.0428787
0.571525
0.706555
1.15754
0.124093
0.303481
0.649853
0.235329
0.1349
1.09551
0.185734
0.949924
0.236328
0.0729013
0.310964
0.291109
1.61506
0.353783
0.215462
0.85965
0.0265666
0.0626529
0.00745553
1.05859
0.843477
0.106507
1.17589
1.6373
0.115839
0.109077
0.333058
0.170528
1.04841
0.13914
0.105498
0.0509824
0.598515
1.24815
0.319658
1.36192
0.819455
0.763069
0.768063
0.100731
1.25234
0.142429
0.488826
1.05493
0.703323
1.82287
0.601244
0.82197
0.0480741
0.626502
0.579838
1.18537
1.18335
0.44728
1.01535
0.0599597
0.773728
0.219296
0.257073
0.545866
0.455615
0.448504
0.716282
0.175404
0.356495
0.133059
0.130851
0.18963
0.00820565
0.0075802
0.344674
1.36343
0.152533
0.0649989
0.839183
0.0090624
0.0503525
0.359618
0.870754
0.103802
0.128887
0.357856
0.0493905
0.071612
0.0539982
1.64592
0.141479
1.10174
0.191268
0.522684
0.403658
1.23753
0.137646
0.189351
0.118953
0.694094
0.398034
0.291682
0.0341954
0.416409
0.305349
0.415287
0.346327
0.636399
0.579346
0.187765
0.669542
0.76141
0.874207
0.413521
1.74296
0.0273234
0.0383407
0.0327674
0.103279
0.0969042
0.0132996
0.283758
0.0340136
0.210888
0.0425098
0.483412
0.150526
0.194418
1.36638
0.31903
0.0377002
0.33069
1.22476
0.0746751
0.025141
0.231568
0.6069
0.397914
0.0475104
0.246359
0.98977
0.881762
0.0937318
0.582084
0.248148
0.0755948
0.67546
0.312776
0.11392
1.3129
0.512521
0.130681
0.223681
0.613763
0.426795
0.291871
0.197778
0.898119
0.722699
0.151672
0.18247
0.906928
0.684258
0.123864
1.85881
0.791287
0.445946
0.567599
0.2103
0.570916
0.0350389
0.114841
0.355988
0.136311
1.11761
1.15403
0.23816
0.502601
0.227522
0.436956
0.412366
0.00341056
0.837472
1.27767
0.625499
0.244531
0.226693
0.0206586
0.124793
0.0689851
0.179861
0.373948
1.68851
0.024409
0.685339
1.41987
0.923214
0.204876
0.484057
0.102619
0.00854849
0.582184
0.247772
0.373567
1.30523
0.166893
0.278281
0.182235
1.24943
0.786079
1.09516
0.326454
0.802726
0.603322
0.256919
0.359728
0.0458375
0.726927
0.403111
0.184428
1.12789
0.967541
0.901247
0.986852
1.16773
0.435155
0.811308
0.684096
1.24665
0.2748
1.33668
1.36145
0.0586602
0.194113
0.308643
0.0189546
0.465111
1.09203
0.209757
0.370492
0.569437
0.131172
0.00141463
0.326024
1.34085
0.259286
2.41443
0.0096686
0.0937447
0.394237
0.19847
0.0342303
0.256288
0.0888098
1.31021
0.181406
0.681128
0.654383
0.0254973
0.541292
0.0828304
1.97374
0.452671
0.152832
0.180082
0.0289153
0.178742
1.19283
1.43771
0.51529
0.282225
0.488323
1.03555
0.284715
0.0540433
0.818678
0.912499
0.0496088
0.870508
0.00489598
0.510709
0.0826048
0.039475
0.0209144
0.189185
0.00157359
0.21175
0.0303744
0.660233
0.251235
0.636879
1.08427
0.235531
0.189766
0.0806842
0.566756
0.232614
0.298544
0.44103
0.189618
0.0486893
0.00877539
1.3988
1.70171
0.300329
0.0211899
0.739747
0.171479
0.0730615
0.454291
0.178392
0.747753
0.691527
0.235794
0.848673
0.0331831
0.238318
0.0884162
0.065711
0.0594599
0.407143
0.926947
3.05432
1.34935
0.0866961
0.0793795
0.471839
0.37879
0.453647
0.109624
0.93806
0.584259
0.120574
0.770565
0.533432
0.548044
0.878259
0.279449
1.56356
1.65254
0.0126926
0.148013
0.671941
0.744173
0.500138
0.405965
0.911521
0.00570957
0.633065
1.63009
0.0658952
0.160878
0.817359
0.0646284
0.11649
1.66469
0.156021
0.853627
0.34198
0.999152
0.00781764
0.209429
0.403279
0.130545
0.0685193
0.117559
1.12982
1.55522
0.507618
0.95449
1.25494
0.543463
0.0571449
0.536313
0.287241
0.673965
0.12033
0.161116
0.696311
1.34391
0.135306
1.03993
0.116026
0.0214958
2.80021
0.268008
0.00314252
0.153503
0.133001
0.348227
0.0689352
0.143226
0.92848
0.573476
0.325873
1.78629
1.11243
0.234584
1.31095
0.377087
0.12825
0.935588
0.106813
0.203417
0.350538
0.496252
0.0386935
0.63264
1.176
0.87448
0.52464
0.0765231
0.603818
0.972123
0.101665
0.597673
0.158611
0.105518
1.63186
0.351997
0.588676
0.0474536
0.702169
0.383677
0.741269
0.132853
0.35431
0.5466
0.468007
0.285475
0.10812
0.898056
0.164995
0.244539
0.0921435
0.768601
0.00814645
0.139045
0.34944
1.26905
0.0356495
0.0828314
0.0324788
0.734651
0.00480961
0.141768
0.314912
0.165228
0.287361
0.280243
0.772757
0.0690829
0.36658
0.389645
0.546523
0.173045
0.744946
0.0946626
1.57805
0.240969
0.467602
0.0823588
0.121974
1.09715
0.386826
0.242884
0.559789
0.404656
0.493821
0.0970599
0.322959
0.595961
0.199574
0.386866
0.313939
0.20676
0.769944
1.35596
0.483905
0.125986
0.225226
0.261182
0.216762
1.06969
1.47972
0.00836237
0.0960787
0.641426
0.104786
0.070915
0.0555604
0.796199
0.167106
0.19404
0.577793
0.865163
0.612796
0.222137
0.237094
0.203205
0.383021
0.96012
0.0153974
0.998504
0.248905
0.343187
0.113413
0.0978462
0.281229
0.865879
0.255804
0.787165
0.130624
0.697665
0.562159
0.0980454
0.732311
0.94839
1.15539
1.58389
2.01372
0.00300223
0.702159
0.154813
0.198472
0.289546
0.0466345
0.0173185
0.800493
0.314299
0.229438
0.202822
0.192897
0.254025
0.110144
0.622795
1.12658
0.255957
1.10347
0.196616
0.126595
0.17155
0.062771
0.302194
0.0218097
0.787777
0.499365
0.834372
0.515088
0.380146
0.733576
0.49073
0.38659
0.371047
1.11057
1.00527
1.65491
1.97037
1.15194
0.717279
0.296404
0.15608
0.0500385
0.729038
0.549007
0.173323
0.326526
0.412085
0.591428
0.230628
1.0881
1.24613
0.53932
0.00226
0.231707
0.606379
0.798797
0.00126242
0.360917
0.290511
0.38285
0.16673
0.0340909
0.0381429
0.823683
1.57823
1.40283
0.736843
1.39023
0.915235
0.380392
0.243243
0.0570308
0.49434
0.0827522
0.744195
1.26837
0.499944
0.204485
0.476573
0.000794804
0.125639
0.379378
0.541661
0.128546
1.16457
0.2264
0.0123106
1.17769
1.05308
0.312738
0.290029
0.0882811
0.378473
0.360344
1.7417
0.335035
0.301759
0.673955
0.277839
0.173205
0.159358
0.834421
0.255892
1.15556
1.66307
0.0960881
0.862218
0.453353
0.357189
0.286528
0.455323
0.659688
1.72026
0.150057
1.60201
1.02232
0.488314
2.05897
0.747416
0.348292
0.297752
0.121576
0.544681
1.94657
0.653611
0.501014
0.315505
0.10078
0.233471
1.1234
0.322485
0.51923
0.611744
1.04332
0.395767
0.554129
0.0260336
0.22989
0.154633
0.4119
0.816808
0.996632
0.174025
0.740807
0.0656335
0.146071
0.515432
0.686072
0.135288
0.271515
0.142611
0.578824
0.50374
1.21363
0.547401
0.226508
0.393275
0.0715542
0.395751
1.24851
0.0139954
0.0112039
0.414679
0.661004
1.14166
0.0585598
0.258143
1.48591
0.326097
0.553243
0.356704
0.166951
0.380746
0.814731
0.0291353
0.533625
0.029505
0.601831
0.257487
0.174327
0.0633046
0.525822
1.95947
0.700774
0.413177
0.518569
0.0628248
0.0565537
0.754507
0.546682
0.0124616
0.821174
0.58089
0.443713
0.388129
0.439891
0.600002
1.4336
0.381695
0.0979499
0.47392
0.0224698
0.309745
0.078592
0.94164
0.365307
0.808484
1.17806
0.123138
0.114068
0.111306
0.205653
0.964208
0.0990504
0.0477052
0.269767
0.872185
0.117277
0.37109
0.463318
1.03569
0.397635
0.264318
0.411697
0.0735697
1.50256
0.0790214
0.902828
1.12032
0.569878
0.00681566
0.352642
0.643764
0.322483
0.527037
0.424266
2.53413
0.30164
0.324249
0.119129
0.534968
0.564656
0.398383
0.358302
0.970562
0.511126
1.31953
0.572384
0.946207
0.301194
0.16831
0.642377
0.000519217
0.59604
0.167276
0.0741713
0.520471
0.281523
1.81526
0.388794
0.0586217
2.17282
0.0238176
0.899933
0.31028
0.598669
0.260974
0.304461
0.0818411
1.07625
0.551406
0.825021
0.411116
0.12249
0.1925
0.269791
0.97419
0.14259
0.0519644
0.613429
0.603019
0.242685
0.28112
0.604755
0.0422026
0.626601
0.914796
0.650645
0.0782914
0.838374
0.156197
0.147569
0.804858
0.18904
0.0472926
0.152185
0.00645551
0.343469
0.633768
0.0894535
0.239576
0.244319
1.78376
1.41717
0.462941
0.172178
0.221779
0.309311
0.387662
0.305288
0.0920224
0.137261
0.920974
0.455864
1.42126
1.2783
0.187406
0.759896
0.525271
0.305803
0.451023
1.25393
0.624296
0.250699
0.132884
0.813142
0.534618
0.141322
0.1785
0.235166
0.26384
0.571155
0.717205
0.240473
0.486645
0.227508
0.55909
1.96644
0.876874
0.119491
0.28757
2.64692
0.301321
0.163465
0.449653
0.250733
0.112384
1.18079
0.0965497
0.953756
0.225689
0.734537
0.735075
0.0397063
0.0896701
0.00174915
1.05881
0.859927
0.143643
0.0991703
0.109148
0.539009
0.986025
1.58334
0.0212099
0.329847
0.195352
0.627034
0.311254
0.0814332
1.31023
1.1552
0.0784865
0.23891
0.0990083
0.670509
0.744106
0.239778
0.516623
1.49611
0.132304
0.00371387
0.635921
0.00130273
0.0437284
1.0765
0.00305646
1.65418
0.610003
0.147721
0.0773532
1.15573
1.23567
0.00208538
0.97858
1.57399
0.333889
0.100544
0.556944
1.50346
0.202075
0.456835
0.953026
0.324784
1.92726
0.0157338
0.121768
0.699265
0.265446
0.984128
0.606782
0.516993
1.01134
0.274566
0.520665
1.51249
0.182939
0.529373
1.23176
0.00562372
1.19794
0.0299805
1.2156
0.869875
0.032195
0.736602
0.760478
0.398714
1.52849
0.301851
0.346643
0.168034
0.0267883
0.216472
0.720173
0.0157365
0.240942
1.9389
0.766292
0.790671
0.915052
0.333629
0.288763
0.614309
1.20085
0.0448145
0.537562
0.121577
0.671309
0.4262
0.12876
0.521702
0.499576
0.0748896
0.319502
0.592362
1.20348
0.1463
0.139647
0.993457
0.613613
0.680806
0.080265
0.711608
0.0499964
1.21216
0.780431
0.324601
1.10713
0.426738
0.158616
0.65535
0.0314458
0.619892
0.287835
1.75983
0.795511
0.0506933
0.103045
0.38299
0.554371
0.266598
0.100977
0.17965
0.401899
0.532178
2.76124
0.310215
1.19696
0.137012
0.196646
0.478067
2.05036
0.320729
0.234751
0.040928
0.243016
0.0900011
0.406115
0.161277
0.671234
0.880046
0.00304567
0.804105
0.386663
0.293264
0.735154
0.203839
0.38844
1.56617
1.01984
0.11798
0.230746
0.0271206
0.358743
1.27573
0.615237
0.354665
0.242513
0.479305
0.688594
0.618053
0.132112
0.656805
0.101035
0.466827
0.829702
0.41955
0.738366
0.227759
0.927685
0.357101
0.107744
0.947487
0.185656
0.659085
0.173661
0.0418629
0.0347727
0.896632
0.0186958
1.38319
0.0223791
0.26074
2.29795
0.405733
0.199039
0.598255
0.0329736
0.623629
0.188678
0.834416
0.274259
0.39541
0.391192
0.464635
0.083271
0.217267
0.0950109
1.29533
0.63348
0.00840206
0.28586
1.21615
1.00623
0.68446
0.517172
0.0870362
0.874163
0.621916
2.5064
0.99256
0.523247
0.0189128
0.156667
0.509079
0.449364
0.454887
0.205108
0.534623
0.185599
0.526085
0.315805
0.658922
0.109917
0.00550558
0.205826
0.215977
0.225794
0.35719
0.161338
0.0426142
0.374508
0.621076
2.54665
0.250033
0.305191
0.508612
0.402905
0.166194
0.215488
0.395514
0.0785766
3.43346
0.438223
0.267577
0.507639
0.097189
0.00593796
1.82852
0.896037
0.194229
0.490431
0.179518
0.027855
0.864
0.187421
0.248488
0.0950488
0.563484
1.16209
0.297931
0.708755
0.280451
0.0872662
0.696248
0.865281
0.479869
0.247106
0.235874
1.15028
0.673678
1.2801
0.0231394
0.671678
0.353067
0.307765
0.236388
0.574592
0.31881
0.216101
0.363342
0.788364
1.86347
0.852263
0.940414
0.800473
0.0700584
0.136672
1.77745
0.821831
0.0761712
0.272647
0.41553
0.422696
0.43432
0.189868
0.249965
0.110002
0.611928
0.733786
0.0511728
0.295277
0.589196
0.076871
0.10229
0.110746
0.460843
0.412472
1.06761
0.0382263
1.21899
0.253976
1.00853
1.0973
0.121938
0.626738
0.580601
0.21321
1.53585
0.53692
0.0835512
0.0498902
0.0409493
0.633455
0.547672
0.538103
0.0174288
0.030407
0.971053
0.67385
0.881637
1.53826
0.102985
0.36776
0.0506774
0.231934
0.635452
0.599559
1.35074
0.459653
0.739518
0.933962
3.7785
0.509571
0.662415
0.121604
0.218157
0.273263
0.413968
0.183538
0.0413368
0.631043
0.257255
0.0859775
0.285674
0.0350942
0.849398
0.316961
0.0677859
0.559961
0.117644
1.5539
0.493861
0.251924
0.323175
0.643611
0.728254
0.108747
0.274526
0.601729
0.796467
0.108237
0.39417
0.795184
0.897106
0.163942
0.00605728
0.103713
0.60298
0.427941
0.341172
0.756936
0.172676
1.13543
1.38972
0.649626
1.66992
0.703296
0.109549
0.0478928
0.279936
0.260786
0.0238826
0.0289701
0.810281
0.369792
0.757648
0.421014
0.633199
0.1133
0.156677
0.361625
0.253256
0.84211
0.18624
0.131428
0.0493381
0.195055
0.27105
0.791299
1.14193
1.22117
0.427249
0.105445
0.829891
0.359161
1.24688
0.744445
0.155614
0.0606091
1.00391
0.595645
0.367582
1.21726
0.698101
0.194884
0.285508
0.380415
1.11258
0.0831476
0.664923
0.0877478
0.551356
0.0712934
1.85189
1.93179
0.226306
0.0359273
0.179786
0.7628
0.997158
0.111656
0.594629
0.28848
0.247371
0.351975
1.5062
0.183849
0.164078
0.123129
0.273946
0.0786007
1.22933
1.42717
0.0297842
0.54968
0.154073
0.339501
0.111345
0.0854781
0.519344
1.3676
0.191437
0.18852
0.0352152
0.173695
0.173447
0.282855
0.225339
0.452112
0.120751
0.128542
0.793052
1.20456
0.546952
0.102621
0.26848
0.478453
0.339843
0.594095
0.898487
1.23288
0.918469
0.690457
0.974076
1.14397
0.268557
0.0654273
0.248299
0.477523
0.164111
0.019102
0.399615
0.455523
0.21662
0.481602
1.10989
0.517417
0.025844
0.146629
0.137126
0.153893
0.327799
0.0178847
0.0962057
0.0788897
0.124671
0.446422
0.717495
0.625726
0.168253
0.453272
0.495733
0.0675856
0.211357
0.333185
0.0126375
0.714187
0.469633
0.269236
0.235407
1.09858
0.302425
1.30071
0.333524
0.818505
0.392811
0.237524
0.299058
0.451365
0.500266
0.585612
0.981152
0.0600591
0.645764
0.0175537
0.149976
1.45788
0.490426
0.0106263
0.539034
1.20814
0.480005
0.170341
0.0189447
1.63305
0.746151
0.0320766
0.64033
0.242441
0.325522
0.0513782
0.159491
1.34665
0.0118825
0.713329
0.669289
0.419258
0.0742704
0.104088
0.0884802
0.735602
1.05166
0.0109453
1.07509
0.462033
0.0288946
0.0769731
0.398072
0.571533
0.0893901
0.117028
0.44813
0.758934
0.343978
0.495894
0.67869
0.159101
0.587572
0.312569
0.534684
0.092999
0.4133
1.32882
0.0538302
0.440885
0.585231
0.915821
0.0833809
0.879583
0.0140893
0.189742
0.455854
1.18081
0.205821
0.328599
0.355484
0.250099
0.489589
0.0297511
0.0388454
0.775798
0.154929
0.54929
0.420721
0.721639
0.175306
0.186676
0.018535
2.1702
0.748926
0.590724
0.0852125
0.206892
0.487824
0.149716
1.29384
0.187585
0.051909
0.0408247
0.0757835
0.067564
0.250595
0.671239
0.0163285
0.657694
0.124552
0.38931
0.0668911
0.931783
0.456557
0.111552
0.501159
1.0019
1.00729
0.112751
0.495809
0.0885882
0.36022
0.547433
0.0808695
0.171141
0.222036
0.182664
0.495383
1.9986
0.415965
0.403173
0.174397
0.544433
0.499726
0.285554
0.779843
0.0132283
0.0955218
0.862782
0.708871
0.250771
0.225405
1.07261
0.136749
1.63006
0.0432845
1.02887
0.876633
1.49341
0.038517
0.304235
0.059347
0.442885
0.0646175
0.151403
1.04964
0.326784
0.418841
0.352774
0.309435
0.0708273
0.0307655
0.705105
0.793548
0.588171
0.105984
0.440075
0.632401
0.226996
0.261455
0.322602
0.712137
0.735045
0.221897
3.2866
0.657845
0.291099
1.02343
0.408793
0.247873
1.45023
0.00721205
0.349385
0.380291
0.0728328
0.722091
0.263868
0.477733
0.201246
1.2398
0.0399623
0.311277
1.86276
0.89405
0.149816
0.550549
0.0120087
0.929552
0.243228
0.246038
0.144772
0.985359
0.0800612
0.0108619
0.12362
0.0792419
0.699589
0.539959
0.00878866
0.186768
0.0263103
1.64072
0.197281
0.40379
0.34163
0.309556
0.191454
1.17742
0.0400331
0.524159
0.861066
0.0834754
0.0598992
0.797804
2.15183
0.232456
0.312472
0.00513231
0.121671
0.948254
0.25446
0.314985
0.619889
0.395729
0.335577
1.32676
0.591072
0.13859
0.445768
0.620324
0.403478
0.512543
0.559248
1.05934
0.108642
0.0921182
0.20881
0.36018
0.0380913
0.270928
0.0889036
1.12532
0.424422
0.161342
0.588638
0.40887
0.521503
0.0851522
0.420573
0.996096
0.0032606
1.71541
0.200982
0.631245
0.361243
0.857058
0.520146
0.116493
0.0319806
0.135002
1.25443
0.478223
1.05128
0.448082
0.342147
0.0379848
0.713827
0.906823
0.441644
0.896325
0.147369
0.692098
0.651253
0.878287
0.0127982
0.272392
0.243828
0.558711
0.429749
1.54745
0.384455
0.437485
1.27784
1.0105
0.178463
0.287075
0.581343
1.46708
0.517328
0.691775
0.101332
0.414243
0.22711
0.0316326
0.084303
0.985243
0.0722014
1.23424
0.597923
0.638343
0.690691
1.52695
0.317924
0.32401
0.757497
0.342377
1.13628
0.090837
0.0923605
0.320825
0.0643983
0.610637
0.0291867
0.0220843
0.425045
0.220711
0.326986
0.150538
0.18099
0.0665802
0.0046671
0.333888
0.582321
0.23448
0.397543
0.92615
0.133913
0.574298
0.710259
1.34789
0.258722
0.353806
1.08288
1.03761
2.0707
0.5476
0.231222
1.06453
0.890867
0.387093
0.218965
1.52353
0.139901
0.264946
2.72557
0.848289
0.730962
0.322876
0.0398832
0.0373154
0.458655
0.0449398
0.40943
0.170101
0.308377
0.0568772
0.0704924
0.594156
0.781375
1.10322
0.49413
0.108083
0.252993
0.359861
0.0356784
0.239977
0.0983967
0.289131
0.152068
0.00517346
1.90948
0.479689
1.64565
0.125589
0.0143029
1.59107
0.0197897
0.795826
0.284789
0.0613519
1.01371
0.0176287
0.112468
0.278776
0.195054
0.541969
0.382766
0.303039
0.220809
0.196784
0.21112
2.09258
0.366727
0.676452
0.344471
0.444123
0.0654532
0.564328
0.0140719
0.243018
0.580498
0.00290882
0.000905537
0.52437
0.129332
0.0152348
0.468405
0.155116
0.875561
0.0216416
0.240793
0.593305
0.0400646
0.438091
0.0651318
0.255429
0.140764
0.535084
0.963904
0.461122
2.02003
0.11092
0.442341
0.348735
1.41062
0.0444417
0.0475842
0.0326256
0.716861
0.0630831
0.297202
0.297472
0.0663844
0.298844
0.0515854
0.217125
0.326894
0.612345
0.482442
0.182893
0.690178
0.000585532
0.000547373
0.872956
0.439499
0.0657554
0.127791
0.886482
0.7577
0.0417272
0.283297
0.71918
0.163574
0.00994852
0.153834
0.123904
0.0553251
0.219734
0.166102
1.00618
0.321372
0.656089
0.188975
0.456255
0.099643
0.266162
1.50526
0.540306
0.0632996
0.421644
1.70503
1.0103
0.423006
1.72187
0.590354
0.0846107
0.0478619
1.25341
2.12899
1.02616
3.26439
0.270981
0.5029
0.162562
0.288211
1.14675
0.343635
0.391364
0.14699
0.756409
0.263115
0.65256
0.357163
0.643507
0.198261
0.587471
0.0734781
0.162919
0.216759
0.147576
0.941231
0.191902
0.0656275
0.271211
0.16899
0.846259
0.427057
0.237468
0.662913
0.410705
0.143601
0.660171
1.9218
1.0766
0.00528695
0.269508
0.763872
0.354203
1.60349
0.0192059
0.169335
0.229982
0.72738
0.799153
0.0485856
0.0492962
0.335619
0.130207
0.232581
0.91848
0.331648
0.124071
0.0868402
0.468062
0.508627
0.295498
0.27565
0.119607
0.869489
0.086116
0.741276
0.038408
1.10899
0.696209
1.58299
1.15982
0.0920844
0.675083
0.263191
0.068326
0.753635
0.59626
0.343006
0.393762
0.340911
0.444604
0.509325
2.04407
0.852662
0.00547203
0.868433
0.180582
0.131095
2.04807
1.2095
1.01647
0.280698
0.203826
0.0426716
0.14644
0.339628
0.964634
0.198621
0.242399
0.466047
0.168195
0.168344
0.744665
0.0134073
0.593934
1.16243
0.817236
0.248522
0.254266
0.215372
1.08569
2.19668
2.25006
1.01708
0.819761
4.20369
0.590678
0.0577406
0.13095
0.56428
0.0101284
0.0523815
0.0560747
0.219131
0.0999974
0.223126
0.941439
0.0183374
0.582065
0.132
0.514005
1.81458
0.364796
0.269577
4.71435
0.119779
0.192068
0.81703
0.464053
0.632185
0.0841139
0.337337
0.610769
0.0775854
0.223055
0.357851
0.0774551
0.0272411
0.484073
0.234139
0.653789
0.511196
0.320641
0.902773
2.66021
0.531595
0.108825
0.92562
0.586654
1.0745
0.0389721
0.202438
0.971966
0.449322
0.692544
0.971685
0.819698
0.0355647
0.541828
0.264326
0.771454
0.847723
1.15773
0.338111
1.61212
0.15134
0.00130968
0.0547521
0.188577
0.487529
0.324701
0.0223499
0.152649
1.50822
1.05735
0.149342
0.465287
0.0389395
0.0533269
0.175723
1.58889
0.0968818
0.496141
0.844192
0.732725
0.238187
0.557312
0.427749
0.296766
0.202937
2.11781
0.133201
0.0813111
1.08933
0.646099
0.0584363
0.0800682
0.650883
0.120414
0.310099
0.215991
0.588284
0.352486
0.475797
0.514576
0.243236
1.02818
0.14275
0.308215
1.8105
0.393391
0.271033
0.0809016
0.0955578
0.133049
1.25307
0.402521
1.1801
0.339963
0.000279116
0.136694
0.325882
0.133565
0.246567
0.227602
1.60644
0.346166
0.360418
0.58191
0.625209
1.86104
0.019624
0.259833
0.328595
0.528298
0.0245795
1.00834
0.371635
0.175725
0.19803
0.344267
0.919505
0.684204
0.520756
0.00755086
1.93459
0.416775
0.419572
1.08021
0.030322
0.420218
0.0661519
0.385788
0.812032
0.359967
1.16858
0.719138
0.0064454
0.269829
0.299257
0.648086
0.249505
0.335556
0.070611
1.03797
0.0761233
0.0990266
0.676362
0.547809
0.323138
0.035479
0.0891777
0.190653
0.84097
0.831509
0.201749
0.787788
0.235747
1.15099
0.566344
0.285263
0.315948
0.809136
1.79657
0.158261
0.18915
1.04328
0.0172876
0.198587
0.173319
0.33117
0.0278654
0.578875
1.81
0.102842
0.410912
0.0607681
0.227525
0.17965
0.75731
0.921284
0.231283
1.43643
0.0863569
0.101868
0.701003
0.337302
1.89565
0.0695321
0.247625
0.532493
0.415745
0.97949
0.305348
0.38511
0.0698142
0.739209
0.266344
0.0897446
0.0525608
0.611942
0.523001
0.0836128
0.248562
0.486269
0.207683
1.51924
0.666507
0.611212
0.146467
0.363276
0.396014
0.489433
0.307991
0.611571
0.826655
0.120264
0.109288
0.770933
0.210504
0.442056
0.291059
1.19415
0.29522
1.14293
0.294667
0.429289
0.554808
0.976946
0.674573
0.735054
0.415278
0.246492
1.28911
1.56082
0.00556892
0.153257
1.19302
0.687963
1.74463
0.0883303
0.153141
0.363404
0.771354
0.643154
0.125673
0.451667
1.38628
0.271145
0.239665
0.165026
0.00275935
0.863233
0.104946
0.300211
0.637199
0.503426
0.0140226
0.247735
0.339534
0.730927
0.0876621
0.0293996
0.0856271
0.0443642
0.00655213
0.0922432
0.214544
1.26932
1.23766
0.191637
0.0433034
0.099033
0.900677
1.01689
1.16856
0.0294355
0.311759
0.919091
0.322899
0.931348
0.0650585
0.328176
0.549558
0.186501
1.34915
0.244887
1.45909
1.61365
0.752429
0.28891
0.651951
1.39653
0.342573
1.08544
0.0119785
0.355657
0.0279631
0.233061
0.281084
1.75753
0.587116
0.359736
0.0812233
0.373135
0.240756
0.0274044
0.437382
0.935714
1.12323
0.0302978
0.586953
0.00818403
0.388325
0.221332
0.198429
0.320027
0.683075
0.159785
0.283761
0.369977
0.623124
0.0881308
0.309605
0.11685
0.024345
0.332088
0.631867
0.0537452
0.975515
0.0797508
0.0374529
0.39794
0.540026
0.125584
0.0388104
0.0217532
0.161096
0.53607
1.09763
0.0929655
0.630308
0.43317
0.102838
0.148245
1.38382
0.360233
0.653396
0.573013
0.773264
0.0885981
0.114686
0.346006
0.195771
0.549202
0.615215
0.232217
0.0823782
0.276898
0.32068
0.00491015
0.425097
0.394382
0.408889
0.132693
0.729865
0.501569
0.161249
0.0220505
0.171948
0.0897626
0.119644
0.00377357
0.680987
0.254344
0.153328
0.571337
1.21629
2.511
0.225601
0.600662
0.0846789
0.419786
0.11072
0.326751
0.133745
1.18473
0.952875
0.24437
0.201513
0.196309
0.2524
1.17365
1.02129
1.55012
0.0739387
0.508067
0.443651
0.266473
0.571518
1.05695
0.430735
1.12198
1.08909
0.193792
0.173135
0.0817582
0.00117141
0.114624
0.077892
0.227442
1.17208
0.178373
1.3559
0.0541872
0.756674
0.092132
0.00460998
0.498638
0.404711
0.208427
1.55986
1.51061
0.140689
0.874746
1.1834
0.241216
0.311946
0.34106
0.794441
0.0785002
0.233954
0.233648
0.020025
0.15085
0.593084
0.201686
0.264909
0.59693
0.384803
0.405452
0.0322311
0.290693
0.96756
2.76207
0.392177
0.504507
0.0897395
0.402334
0.15499
0.63502
1.12049
0.125752
0.554996
0.0747741
0.0248616
0.429788
0.368678
0.359389
0.0368849
0.190974
0.536398
0.294216
0.586842
0.597354
0.610803
0.24338
0.0147889
0.0619497
0.0429617
0.417297
0.557486
0.0781888
0.00342508
0.375037
0.075862
0.399712
0.0890193
0.181971
0.0544476
0.280734
0.0122737
2.87574
0.527774
0.593209
0.0729321
0.60283
0.158278
0.53552
0.119864
0.209625
1.84079
1.02439
0.773849
0.547695
0.420031
0.339136
0.0261606
0.454981
0.469572
0.0715378
0.0892105
0.165026
0.162917
0.0933074
0.827169
0.271373
0.637643
1.78548
0.64353
0.868137
0.256665
0.689496
0.859198
0.0274914
0.292464
1.56602
0.701221
0.626231
0.475595
1.7081
0.0291641
0.444017
0.910916
0.928702
0.1466
0.260932
0.20506
0.181996
0.00202769
1.45448
0.288496
0.0916353
0.128467
0.630254
0.206014
0.0180012
0.0727093
0.030057
0.00362984
0.980416
1.06925
0.262744
0.467515
0.606698
0.310164
0.0257943
0.538208
0.121824
0.72298
0.159349
0.101303
0.860576
0.988227
0.0109543
0.546906
0.0614044
0.279533
0.000746657
0.272942
0.283085
1.46835
0.979798
0.457847
0.0953018
0.42851
1.38594
0.117167
0.620516
2.7361
0.121759
0.422186
1.05173
0.49024
0.0977636
0.434679
0.0455651
0.129307
0.137195
0.180727
2.43717
0.359611
0.333484
0.839662
0.23445
0.355053
0.325583
0.336551
1.37966
0.327016
1.20702
0.2302
0.278447
0.734038
1.73256
0.458839
0.211718
1.18322
0.828937
0.0288785
1.16131
0.0129624
0.492143
0.756949
0.525569
0.814547
0.223713
0.66887
0.0161441
0.459013
0.0208796
0.0122142
0.0602723
0.375003
0.908946
0.33459
0.0183549
0.190041
1.90268
1.8006
0.795432
1.09595
0.209031
0.126328
0.536367
0.185828
0.868123
0.00156951
0.122052
0.501573
0.0305415
0.0631095
0.537742
0.578463
1.14398
0.185045
0.336125
0.15005
0.0240123
0.368251
0.982876
0.045942
0.394109
1.81553
0.477809
0.241426
0.309376
0.527015
0.600611
0.289135
0.489321
0.342019
0.198323
1.6886
0.634147
2.11187
0.161665
0.390999
2.23228
0.339484
0.0966615
0.0244613
0.472651
0.899851
0.660804
0.35664
0.0777307
0.125987
0.733149
0.105898
0.681189
0.496007
0.163321
0.170749
0.461511
1.12256
0.557788
0.0331058
0.394338
0.232168
0.349784
0.0930039
1.00822
0.88783
0.0728539
0.440415
0.846368
0.265391
0.0685227
0.816033
1.17544
0.181098
0.956015
0.362994
0.0745434
0.440358
0.013233
0.165981
0.825779
0.793204
0.320614
0.401702
0.276268
0.697191
0.920979
0.0137859
0.519368
0.360534
0.0478494
0.106381
1.08234
0.45127
0.224227
0.697337
0.276771
0.343557
0.205978
0.137926
1.19751
0.313414
0.0233098
0.839783
0.733905
1.14026
0.200014
1.1934
0.33013
0.219886
0.105707
0.172325
0.0819411
0.545198
0.928086
0.428622
0.268867
0.577946
0.46174
0.0320177
0.110941
0.592293
0.146301
0.0439811
0.170253
0.477341
0.904832
0.625322
0.0594141
0.0955426
1.54783
0.0105452
0.510346
0.000152157
0.899134
0.26316
1.14175
0.0896309
0.19085
0.240114
0.366912
0.354498
0.558729
0.555983
0.0942374
0.363476
0.141684
0.443013
0.112725
0.947305
0.524536
0.256108
0.392358
1.16868
0.331831
0.892907
0.365406
0.193809
0.39485
0.497832
0.341862
0.347348
0.526903
0.0724669
0.347653
0.332578
0.39279
0.254707
0.524796
0.988247
0.758223
0.0930742
0.230469
0.302018
0.91923
0.389447
1.75359
0.0458908
0.0689393
0.0942874
1.38485
0.75374
0.425128
0.327992
0.572773
0.0297328
0.188008
0.111842
0.238261
0.981018
0.888794
1.03703
0.223301
0.329225
0.00464503
0.987649
1.7234
0.403037
0.150845
0.481262
0.267933
0.0209016
0.7754
0.766576
0.340946
0.495587
0.196693
0.312145
0.630369
0.302594
0.505603
0.530476
0.132348
0.117175
0.07248
1.22968
0.155064
0.297422
0.0610515
0.518816
0.183926
1.45844
0.36702
0.551282
0.279521
0.376747
0.376726
0.252419
0.0431458
0.779596
0.00728745
0.344091
0.887851
0.810733
0.165404
0.196503
0.282158
0.466832
0.778742
0.0799706
0.0314257
0.277175
0.808937
0.1737
0.503203
1.37933
0.116589
1.15691
0.243046
0.194991
0.395738
0.590054
0.156553
0.0345992
0.223719
0.59713
0.453343
1.10363
0.049065
0.567866
0.569236
0.0571099
0.0969891
0.357009
1.20581
0.306227
0.901824
0.208956
0.0335351
0.489932
0.336071
0.0672158
0.025748
0.171997
0.27173
0.577056
0.129184
0.493427
0.440678
0.474232
1.4997
0.0711298
0.182223
0.123597
0.111236
0.54854
1.23896
0.793843
0.406138
0.00479893
0.321622
0.134493
0.0624926
0.525968
0.685551
0.0141067
0.0575486
0.43551
0.230541
0.0953326
0.115407
0.978737
0.177894
0.148063
0.0811721
0.634065
1.41484
0.237039
0.212244
0.374064
2.31296
0.175544
0.538453
0.175222
0.361896
0.97884
1.6322
0.282089
0.531261
0.364837
0.290557
0.06896
0.700763
0.408466
0.75609
0.346525
0.440985
1.09593
0.0424672
1.55538
0.0319399
0.169516
0.841591
0.224129
0.392463
1.66308
0.0416383
0.331615
0.208979
0.277388
0.0058153
0.201596
0.639846
0.55572
0.493679
0.135227
0.377224
0.444849
0.55152
0.10176
0.0566705
0.0576291
0.187694
0.986399
0.549924
0.0485577
0.223835
0.14592
1.97747
0.291978
0.116941
0.0218309
0.654394
0.0115133
0.258743
0.159896
2.16502
0.330714
0.710473
0.199078
1.20223
0.735007
0.539786
0.499242
0.290797
0.169628
1.01448
1.76547
1.04746
0.384656
0.0841317
2.06988
0.518569
0.315412
0.932185
0.187428
0.41094
0.115267
0.417037
0.389609
0.52235
0.744206
0.438484
0.237452
0.797355
2.20895
0.527424
0.765927
0.319165
0.264045
0.0595657
0.240238
0.0994373
0.740452
0.00657995
0.485559
0.0310799
1.06685
0.448321
1.3838
0.270875
0.687048
1.2708
0.0329651
0.120895
0.726787
0.236135
0.746213
1.79059
1.42485
0.190198
0.484265
0.630109
1.15313
3.22356
0.360198
1.096
0.525153
0.176417
0.223248
0.0311713
0.26349
0.67671
0.137736
0.100558
0.702675
0.990711
0.138833
0.505742
0.302742
0.099004
0.0280697
0.112273
0.0531789
0.0630064
0.268842
1.00932
0.341412
0.106024
0.914172
0.287193
0.354112
0.307797
0.0832384
0.261997
0.306332
0.549502
0.175599
0.0572929
1.66355
0.533978
0.0923845
0.233977
0.253695
0.263385
0.405853
0.0828227
0.158464
0.800611
0.777889
0.646962
1.90806
0.927565
1.30816
0.0410846
1.63461
0.209905
1.45982
0.305116
0.38168
0.769415
1.12086
0.0211327
0.14055
0.0241135
0.298222
0.607252
0.625672
0.68401
0.834083
0.566576
0.256814
1.9588
0.0265426
0.803753
0.246822
0.467738
1.52106
0.5412
0.260397
0.67593
0.244716
0.242204
0.439508
0.188406
0.310713
0.39568
0.534696
0.262859
0.00177693
0.105784
0.107983
1.13784
0.132028
0.289271
1.44438
0.571758
0.0768247
0.536816
0.278167
1.53776
0.204901
0.881213
1.35864
0.245445
0.494411
0.195446
2.70403
0.43405
2.09211
0.25664
0.19393
0.232442
0.769509
1.18384
0.578776
0.142662
0.301721
0.209677
0.535157
0.304975
0.380943
0.953032
0.218396
0.72469
0.171682
0.177089
0.295826
0.28374
1.56732
1.03289
0.244599
0.173152
0.604749
0.193441
0.570689
0.199969
0.51694
0.563724
1.20336
0.495968
0.0403945
0.131581
0.000466779
0.993961
0.0740674
0.580263
0.0589697
0.446726
0.0148214
0.731262
0.0242702
0.41325
0.483377
0.256477
0.19853
1.20567
0.601196
0.744262
0.210304
0.533571
0.52146
0.655101
1.48515
0.214799
0.0262064
0.496226
0.56795
0.594441
0.182263
0.444286
0.196211
0.241513
0.85779
0.196902
0.141252
1.58297
0.00613366
0.221083
0.397684
0.0211408
0.0671692
0.453128
0.462946
0.684012
2.94658
1.34067
0.533114
0.596627
0.611788
3.47839
0.217532
0.218013
0.65334
0.179402
0.606386
0.75785
1.33554
0.240225
0.322926
0.134788
1.75751
0.805631
0.482981
0.781261
0.0672677
1.00306
0.689597
0.0742908
0.126059
0.176059
0.0989027
0.214279
1.11639
0.764604
0.0493265
1.10369
0.62732
0.692425
0.441885
0.27292
0.690527
1.40301
0.743708
0.325014
0.137905
0.323774
0.149415
0.0942899
0.976555
0.662314
0.262262
0.881353
0.382282
0.0139661
0.482233
0.539906
1.11763
0.228668
0.800763
0.0615825
0.545077
1.90568
0.312216
0.406647
0.716011
0.40865
0.295852
0.323128
0.184096
0.0169825
1.13477
0.0291868
1.80502
0.55537
0.382506
0.120395
0.0797074
0.787483
0.243765
0.00277016
0.374419
0.78999
0.897719
0.0317611
0.861769
0.301433
0.639865
0.626935
0.856817
0.367296
0.887405
0.330462
0.344757
0.174721
0.0205311
0.150117
0.959672
0.33359
0.664676
0.0879588
0.367236
0.499825
0.12296
0.33981
0.180253
0.69855
0.614104
0.29895
0.394468
0.0488293
0.303998
0.0377692
1.09046
0.170896
0.0721099
0.616578
0.677908
0.969632
0.275156
0.412829
0.236194
0.146324
0.0233776
1.0384
0.397738
0.0449129
0.0719494
0.257024
0.425201
1.01772
0.41419
0.0488053
0.347943
0.759933
0.441173
0.814935
0.381727
0.173625
0.146568
0.0414832
0.244217
0.618314
0.0826578
0.159742
3.53116
0.16891
2.01159
0.676249
0.0770808
0.259878
0.180815
0.366314
0.538009
0.214729
0.250458
0.116397
0.285508
0.375441
0.47031
0.0039178
0.253272
0.0948895
0.0531265
1.14529
1.54083
0.580763
0.606738
0.334777
1.96519
1.57231
0.419295
0.228466
0.549139
0.63658
0.511177
0.547856
0.00337676
0.486903
0.261369
0.0810226
0.0140413
0.619912
0.552747
0.580363
0.0307801
0.0325241
1.12417
0.341353
0.447053
0.35063
0.349137
2.23064
0.564893
0.462363
1.09127
0.498499
0.171493
0.4459
0.0633928
0.157845
0.395932
0.58039
0.507355
0.120117
0.261122
0.162689
1.05703
0.266828
1.1518
0.168688
0.414072
1.31412
2.89205
0.132043
0.476654
0.029147
0.174829
0.355616
0.400789
1.08621
0.00654306
0.0277228
1.03793
0.585428
0.535445
0.717314
0.193503
1.47488
0.216839
0.289901
0.123183
1.14572
0.0677661
0.96847
0.0596365
0.381314
0.0717049
2.39507
1.46972
0.0171422
0.162898
0.356925
1.62852
0.160772
0.678054
0.42905
0.201434
0.0190635
0.0444127
1.0727
1.28528
0.0515679
1.38164
0.799887
0.775335
0.450962
0.410324
0.0575974
0.39029
1.21369
0.397921
0.714024
0.831978
0.562808
0.478659
1.28228
0.117297
0.692508
1.231
0.0849279
0.764813
0.107081
0.548994
0.683013
0.315326
0.262798
0.193504
0.803107
0.295482
0.260362
0.573376
0.230791
0.350494
0.482804
0.0918242
0.172514
0.120056
0.650289
0.255918
0.703903
0.509935
1.49195
0.362364
0.298891
0.490351
0.0705646
0.233418
0.898068
1.06559
0.169664
2.31651
0.546344
0.327478
0.534624
0.26345
1.48105
0.0338882
0.65556
0.688457
0.358451
0.0733176
0.281039
1.06621
0.511237
0.0252391
0.0252376
1.34482
0.152371
0.749951
0.202259
0.0090852
0.269104
0.165717
0.381302
1.00562
1.18789
0.547071
0.136688
0.675694
0.395354
0.374272
0.657255
0.118597
0.00375411
0.245615
0.484753
1.55917
0.302255
0.216324
0.607709
1.68187
0.334327
0.0715836
0.938154
0.0684247
0.100823
1.13201
0.030934
0.294666
0.558769
0.249361
0.311166
0.0466734
0.561658
2.88153
1.55388
0.435967
0.542401
0.108141
0.195025
0.116917
0.639056
0.0279527
0.272079
0.652666
0.292145
0.0206192
0.577096
1.13243
0.248471
0.245594
0.988627
1.05687
0.368541
0.61618
0.00356885
0.608881
0.463757
0.0347315
0.0809128
0.162436
0.307908
0.474302
0.22825
0.0722816
0.470263
0.194158
0.630197
0.158459
0.363139
0.020117
0.327075
0.135728
0.0492513
1.15023
1.70034
0.384264
1.40826
0.526825
0.283223
0.201582
0.0201185
0.174079
0.118501
0.411549
0.00120603
0.123029
0.153969
0.466812
0.167896
0.267601
1.07818
0.683301
0.0137719
0.144346
1.05858
0.506326
0.42497
0.453277
1.19491
0.0465259
0.504644
0.245896
0.197697
0.653424
0.170019
0.173528
0.154373
0.129672
1.44633
0.598821
0.410763
2.06789
2.42092
0.737566
0.393663
2.60302
2.27226
0.83031
0.459886
0.160518
0.127077
0.332421
0.00991348
0.144906
0.666665
1.1476
1.09616
0.18478
0.341941
0.796526
0.253595
0.0701295
0.102386
0.644403
0.983753
0.32068
0.0088964
0.0672392
0.605108
1.63782
0.868417
0.151978
1.4614
0.846493
0.0169639
0.337808
0.831808
0.0114978
0.17915
0.265461
0.176439
0.372815
1.13935
0.190607
0.750652
0.50254
0.121819
0.547563
1.43188
0.621658
0.310132
0.208335
0.923977
0.52116
0.0336908
0.606399
0.0643648
0.0432133
0.881481
0.86483
0.0230242
0.528333
0.0442858
2.36772
0.315949
0.0628502
0.329256
0.163534
0.0759084
0.765117
0.587049
0.288297
0.184865
0.443955
0.703574
0.0450938
0.125816
1.77695
0.696644
0.0904107
0.574365
0.120361
0.352789
0.372643
0.987739
0.423544
0.12941
2.01129
0.530854
0.0290802
0.816733
0.600555
0.617024
1.10142
0.586174
0.0975855
0.00383061
0.0948179
0.304652
0.0803698
1.56469
0.0795997
0.441763
0.15417
0.665257
0.209151
0.216604
1.58657
0.187874
0.0545263
0.0659343
2.78444
0.190819
0.496748
0.36864
0.0983496
0.112234
0.692397
0.087567
0.96618
0.820273
1.68201
0.404092
0.361818
0.965217
0.140317
0.589348
0.992236
0.270157
0.0804314
0.0055472
0.233954
0.175321
0.455292
0.509471
0.0159639
1.40294
2.3334
2.28066
0.145692
0.0493108
0.060009
0.143146
0.26481
0.678981
0.736021
0.445475
1.44008
0.367159
0.693927
0.802396
0.19748
0.629027
0.218015
0.920394
0.422809
0.455772
0.381386
0.283923
0.0078267
0.573196
0.293753
0.24651
1.90798
0.0214531
0.0143252
0.00472577
1.99623
0.00951071
3.43364
0.133493
0.0598177
0.0594223
0.330121
0.371093
0.965063
0.146392
0.0603285
0.80159
0.743576
0.99774
0.455419
0.0528347
0.433566
1.51017
1.4201
0.0815852
0.39849
0.322382
0.438305
0.416025
0.0856506
0.0142497
1.54026
0.0727533
0.0363369
2.01734
0.0782233
0.0265114
0.000575434
0.0776148
0.168407
0.0604663
0.147747
0.733171
0.507827
0.0586635
0.011659
0.696149
1.20093
0.797355
0.477968
0.35389
1.13802
0.108701
0.306686
0.912853
0.212283
0.00391072
0.188519
1.32789
0.425058
0.318896
1.5833
0.374012
0.466919
0.0141734
0.355664
0.696721
0.0414683
0.356836
1.12958
0.227498
0.489169
0.0820823
0.0723861
0.151837
0.151976
0.085886
0.00674303
0.0941014
1.54901
0.495701
0.567871
0.955854
0.869594
0.0738413
0.587318
0.0933359
0.0783772
0.00259583
0.0527024
0.632429
0.323819
0.0298181
0.140135
0.0436936
0.0448757
0.700051
0.902295
0.0904206
0.152982
0.656559
0.378556
1.09307
1.07031
0.54795
0.080995
0.0780468
0.867474
0.0889332
0.189953
0.753558
0.784843
2.63836
0.497971
0.478851
0.0708889
0.194078
0.772084
0.162361
0.197909
1.0882
2.64843
0.813779
1.44517
0.136832
1.09137
0.0153765
2.46972
0.641376
0.108902
0.148145
0.302337
0.648589
0.0777887
0.204861
0.249168
0.173808
0.327623
0.121705
0.304932
0.796684
2.60168
0.142818
0.78427
0.490583
1.0001
1.28744
1.46703
0.526631
0.112265
0.15989
0.385827
0.109141
0.0402156
0.329078
0.28592
1.66982
0.359212
0.279619
0.58122
0.615838
0.577248
0.0760076
0.285372
0.882644
0.324268
0.878257
0.0653346
1.58356
0.0221871
0.432641
0.702506
0.0193216
0.878771
0.395145
0.543884
0.58919
0.317556
0.470614
0.210359
0.556202
1.07511
1.06506
1.00996
1.61985
0.225785
0.180376
1.29764
1.04314
0.6569
0.474216
0.438593
0.268916
0.700556
0.00956251
0.140419
0.131245
0.936368
0.228912
0.104585
1.10228
1.46319
1.43568
1.31283
0.743479
0.336343
0.446581
0.313833
1.60679
0.111879
0.829283
0.498507
0.0438883
0.586826
0.34493
0.0229479
0.0278283
0.807732
1.75718
1.32954
0.380077
0.437197
0.360811
1.48204
0.20516
0.380691
0.107366
0.419004
0.238435
0.411154
0.705643
0.156656
0.353616
0.601234
0.109443
0.164901
0.104875
0.773764
0.687375
0.080672
2.19985
0.406737
0.757111
0.037229
0.142144
0.163125
0.0619954
0.179471
0.0414606
0.0454249
0.131705
0.473351
0.553923
0.684442
0.410915
0.00315607
0.163273
0.700432
0.42633
0.536276
0.188584
0.200158
1.30758
0.860722
0.014941
0.06587
0.0538627
0.123368
1.20764
0.945976
0.229159
1.14324
0.26036
0.0798934
1.75546
0.52973
0.277606
0.0453688
1.54991
0.352231
0.0953308
0.103214
0.0625588
0.926769
1.34504
0.566572
0.947263
0.118313
0.282462
0.275244
1.01468
0.684809
0.699635
0.793409
0.418495
0.763153
1.25576
0.552991
0.000658255
0.884549
0.365255
0.2302
0.650775
1.29012
0.363501
0.598699
0.430904
1.42967
0.76801
0.380226
0.297392
1.58925
0.634808
0.41727
0.808911
0.526608
0.139795
0.526743
0.989887
0.562739
0.0387706
0.655555
0.273484
0.879648
0.373172
2.22354
0.471441
0.294177
0.535598
0.473133
0.16029
0.0966338
1.97594
0.00108266
0.052671
0.344006
0.602293
0.565958
0.290015
0.331744
0.117943
1.09658
0.292864
1.32388
0.3029
0.140498
0.434198
0.599109
1.13288
0.291945
0.23402
1.76783
0.0948271
0.792544
0.801465
0.599756
0.764753
0.263131
0.0774025
0.290587
0.0106133
0.270376
0.479205
0.000893003
0.272237
0.630238
0.345784
0.0639379
0.250492
1.40114
0.464416
0.463418
0.879449
0.0247448
0.381127
0.165732
0.173542
0.0603852
1.96603
0.105054
0.406008
0.218608
0.0873932
0.652436
0.0808117
1.5978
0.278829
1.34853
0.229629
0.422997
0.233688
0.246535
2.2353
2.29527
0.247998
0.262473
0.612655
1.10475
0.375865
0.0529024
0.884726
0.0716094
0.609706
0.535507
0.100276
0.135893
1.40228
0.322154
0.216736
1.26201
0.546034
1.19181
0.160125
0.871032
0.506093
0.275191
0.766006
0.0330847
0.219925
0.0825244
0.503788
0.653227
0.389787
0.488361
0.634832
1.34733
0.0161942
0.277047
0.8649
0.410854
0.373071
0.528141
0.591685
0.130945
0.185237
1.04163
0.315919
0.143215
0.215738
0.857764
0.092517
0.00752037
0.650819
0.292556
0.915572
0.226664
1.0058
0.488643
0.279761
0.125574
0.747646
0.0327576
1.51119
0.190788
0.580571
0.554921
0.143608
0.63424
0.0503504
0.03754
0.1636
0.485907
0.644737
1.80257
0.955297
0.0173877
0.942898
0.193121
0.166506
0.110786
0.0757167
0.300888
0.120189
1.01414
1.12746
0.0274605
0.132588
0.716367
0.565221
0.541538
2.05031
0.301586
0.645242
1.36478
0.735147
0.265288
0.464613
0.0099955
0.0699045
0.603551
0.0483233
0.263424
0.194704
0.848337
0.240919
0.0959128
0.95152
0.131101
0.341542
0.0720063
0.280522
0.50457
0.441289
0.51509
0.350496
0.328314
0.596182
0.66749
0.139029
0.233888
0.253985
0.128212
0.875882
0.0657077
0.0877352
0.454005
0.382731
0.726386
0.479164
0.547345
0.314632
0.616512
0.0389232
0.779272
0.372534
0.30555
1.66361
0.235949
0.582202
0.307214
0.356988
0.0623725
0.0496438
0.0507902
0.714257
0.45618
0.431368
0.305168
0.204181
0.859465
0.887269
0.661275
0.0240322
0.534969
0.971378
0.116512
0.146277
0.248439
1.82376
1.02054
0.0293071
0.290768
0.432207
0.0706798
0.131019
0.0549069
0.444665
0.108224
0.327138
0.162146
0.53019
2.32762
0.250635
0.689547
0.0455534
0.0839572
0.212797
0.546923
0.47261
0.572663
0.332587
0.291558
0.268435
0.380439
0.0520221
0.158807
0.67471
0.217287
0.544859
0.62685
0.125881
0.637588
0.0845136
0.807909
0.956764
0.243907
1.17837
0.29126
0.434535
0.243435
0.63376
0.133505
0.235755
0.0597917
2.02357
0.310898
0.155498
0.199602
0.0685375
1.0547
0.00554336
0.475844
0.193224
0.277955
0.0792959
0.271802
0.599603
1.09136
0.738783
0.224909
0.460423
2.59054
0.0432551
0.708031
0.793961
1.36911
0.0773716
0.603524
0.236464
0.64372
0.045167
0.0500742
1.58932
0.310241
0.116601
1.41414
1.29738
0.322455
0.157377
0.0274559
0.218463
0.164986
0.550321
0.561218
0.614657
0.841
0.049282
0.2605
0.604096
1.00373
0.731218
0.180543
0.983227
0.952584
0.0311575
0.533118
0.7721
0.113939
0.220509
0.0891705
1.31417
0.292589
0.149634
1.08648
1.17856
0.314286
0.87736
0.887877
1.42312
0.0510581
1.07741
0.17543
0.237514
0.400832
1.76053
0.0447649
0.227393
0.0332269
0.338354
0.0345034
1.32937
0.15058
0.230828
0.780351
0.0589658
0.281212
0.295033
1.14022
0.502495
0.810573
0.031525
0.412487
0.140731
0.192643
0.297024
0.0816295
0.771802
0.160762
1.98889
0.651579
0.232633
1.00253
0.0122719
0.693475
0.269584
2.61784
0.903344
0.762052
0.0303905
0.198388
0.944786
2.25195
0.442827
0.12335
0.754673
0.599989
0.523197
0.127223
0.453863
0.166165
0.0136767
0.53598
0.930564
0.158936
1.89505
0.172949
0.274898
0.721531
0.418938
0.25893
0.338759
1.40176
0.15705
0.363217
0.584895
0.579693
0.357744
0.372611
0.316031
0.422005
0.958274
0.1909
0.4093
0.290304
0.383928
0.206167
0.0749705
0.102155
0.413398
0.665526
0.315124
0.445231
0.249996
0.187015
0.989663
0.231709
0.46375
0.167576
0.0723206
0.0942688
0.583942
0.492809
0.0589609
